4 0.543750 0.220833 0.193750 0.191667
4 0.276563 0.404167 0.214062 0.200000
4 0.450781 0.631250 0.231250 0.251389
4 0.157031 0.722222 0.209375 0.211111
4 0.585156 0.824306 0.259375 0.284722
4 0.858594 0.684722 0.256250 0.211111
4 0.785937 0.116667 0.170312 0.180556
4 0.687500 0.358333 0.209375 0.197222
4 0.486719 0.435417 0.200000 0.162500
4 0.176953 0.206944 0.169531 0.169444
4 0.084766 0.326389 0.161719 0.175000
4 0.900000 0.482639 0.193750 0.165278
4 0.653516 0.563194 0.185156 0.168056
4 0.326172 0.792361 0.183594 0.170833
4 0.847656 0.300694 0.151562 0.184722
4 0.336328 0.200694 0.155469 0.170833
