4 0.683594 0.252778 0.237500 0.261111
4 0.859766 0.423611 0.208594 0.277778
4 0.854688 0.652083 0.203125 0.231944
4 0.610547 0.650694 0.252344 0.254167
4 0.580469 0.447222 0.185937 0.152778
4 0.196484 0.366667 0.069531 0.180556
4 0.328125 0.377778 0.185937 0.208333
4 0.382812 0.627083 0.198437 0.206944
4 0.176953 0.716667 0.196094 0.191667
4 0.371875 0.209028 0.209375 0.198611
4 0.331641 0.838194 0.211719 0.234722
4 0.550781 0.845833 0.206250 0.213889
4 0.753125 0.825000 0.184375 0.183333
4 0.226562 0.517361 0.192188 0.156944
4 0.114844 0.907639 0.198437 0.179167
4 0.541406 0.118750 0.143750 0.206944
4 0.167187 0.252778 0.178125 0.158333
4 0.081250 0.443056 0.148438 0.186111
