4 0.581641 0.151389 0.199219 0.200000
4 0.513672 0.316667 0.197656 0.186111
4 0.430078 0.479861 0.241406 0.237500
4 0.227734 0.781944 0.216406 0.222222
4 0.514844 0.696528 0.275000 0.323611
4 0.748828 0.547222 0.271094 0.261111
4 0.870313 0.180556 0.217187 0.191667
4 0.812500 0.373611 0.210938 0.205556
4 0.661719 0.895139 0.265625 0.209722
4 0.746484 0.131250 0.158594 0.212500
4 0.662891 0.291667 0.144531 0.194444
4 0.617188 0.488889 0.156250 0.211111
4 0.435547 0.822222 0.247656 0.244444
4 0.316797 0.606250 0.164844 0.187500
4 0.743750 0.742361 0.200000 0.193056
4 0.930859 0.565972 0.136719 0.231944
