9 0.608594 0.288889 0.262500 0.088889
9 0.825781 0.288889 0.104687 0.236111
9 0.717969 0.434722 0.310937 0.100000
9 0.648047 0.545139 0.313281 0.187500
9 0.703906 0.712500 0.257812 0.219444
9 0.793359 0.547917 0.221094 0.243056
9 0.380859 0.179861 0.222656 0.168056
9 0.481250 0.139583 0.229687 0.140278
9 0.663672 0.157639 0.169531 0.165278
9 0.170312 0.513194 0.340625 0.215278
9 0.178125 0.737500 0.321875 0.275000
9 0.287500 0.918750 0.340625 0.162500
9 0.392578 0.788889 0.225781 0.277778
9 0.267969 0.329861 0.139062 0.240278
