9 0.259766 0.591667 0.519531 0.219444
9 0.249219 0.619444 0.492188 0.138889
9 0.269922 0.540278 0.466406 0.113889
9 0.779688 0.600694 0.440625 0.193056
9 0.784375 0.638889 0.431250 0.102778
9 0.787500 0.562500 0.415625 0.105556
9 0.372656 0.295833 0.379687 0.147222
9 0.356250 0.412500 0.421875 0.080556
9 0.375391 0.328472 0.383594 0.068056
9 0.378906 0.261111 0.371875 0.069444
9 0.776172 0.318056 0.394531 0.133333
9 0.778906 0.457639 0.414062 0.176389
9 0.760156 0.415972 0.378125 0.070833
9 0.774609 0.480556 0.413281 0.091667
9 0.781641 0.342361 0.378906 0.093056
9 0.772656 0.293056 0.395312 0.083333
