9 0.576172 0.372222 0.241406 0.225000
9 0.750000 0.458333 0.165625 0.272222
9 0.331641 0.535417 0.121094 0.318056
9 0.183594 0.375000 0.129688 0.258333
9 0.244141 0.692361 0.130469 0.281944
9 0.712891 0.645833 0.457031 0.102778
9 0.588672 0.865972 0.258594 0.251389
9 0.864453 0.863194 0.271094 0.231944
9 0.666406 0.206944 0.359375 0.177778
9 0.499609 0.172917 0.246094 0.204167
9 0.369531 0.281944 0.320312 0.077778
9 0.398438 0.789583 0.214062 0.334722
9 0.904297 0.554861 0.191406 0.095833
9 0.483984 0.520139 0.122656 0.248611
