8 0.362500 0.298611 0.345313 0.144444
8 0.388281 0.157639 0.326562 0.087500
8 0.768750 0.129167 0.342187 0.069444
8 0.773047 0.064583 0.322656 0.084722
8 0.761328 0.102778 0.332031 0.072222
8 0.702734 0.244444 0.399219 0.072222
8 0.729297 0.352778 0.367969 0.116667
8 0.750000 0.433333 0.392188 0.091667
8 0.755078 0.472917 0.389844 0.123611
8 0.736328 0.519444 0.383594 0.130556
8 0.717188 0.633333 0.425000 0.150000
8 0.704297 0.687500 0.425781 0.158333
8 0.685547 0.740278 0.425781 0.177778
8 0.282813 0.393056 0.364062 0.091667
8 0.273828 0.439583 0.346094 0.101389
8 0.229687 0.479167 0.353125 0.061111
8 0.221094 0.538194 0.385938 0.076389
8 0.218750 0.595833 0.359375 0.097222
8 0.194531 0.669444 0.389062 0.094444
8 0.191406 0.733333 0.382812 0.108333
8 0.185547 0.783333 0.371094 0.122222
8 0.178906 0.875000 0.357812 0.133333
8 0.658203 0.944444 0.525781 0.100000
