8 0.454297 0.816667 0.607031 0.119444
8 0.465625 0.661111 0.470313 0.097222
8 0.436719 0.738889 0.431250 0.130556
8 0.467969 0.526389 0.420312 0.097222
8 0.459375 0.586111 0.418750 0.080556
8 0.437500 0.429167 0.390625 0.083333
8 0.462109 0.348611 0.400781 0.125000
8 0.482422 0.104861 0.288281 0.070833
8 0.475781 0.162500 0.310937 0.058333
8 0.471094 0.227083 0.335938 0.068056
8 0.835547 0.181944 0.258594 0.044444
8 0.816406 0.100694 0.239063 0.109722
8 0.837109 0.229861 0.224219 0.045833
8 0.814062 0.264583 0.296875 0.068056
8 0.849609 0.472222 0.299219 0.058333
