8 0.561328 0.215278 0.224219 0.172222
8 0.617969 0.277083 0.217187 0.176389
8 0.657812 0.288194 0.229687 0.187500
8 0.682813 0.322222 0.253125 0.166667
8 0.783203 0.411111 0.261719 0.125000
8 0.814844 0.472222 0.229687 0.155556
8 0.866016 0.531250 0.224219 0.131944
8 0.879687 0.568750 0.239063 0.134722
8 0.576172 0.788194 0.378906 0.295833
8 0.562109 0.734028 0.380469 0.287500
8 0.509766 0.631250 0.300781 0.206944
8 0.397266 0.575000 0.332031 0.183333
8 0.382812 0.525000 0.343750 0.186111
8 0.380078 0.450000 0.307031 0.188889
8 0.272656 0.220139 0.204688 0.162500
8 0.297656 0.290972 0.235938 0.104167
8 0.303906 0.368056 0.253125 0.125000
