8 0.239844 0.298611 0.096875 0.252778
8 0.173438 0.313889 0.084375 0.250000
8 0.129688 0.306250 0.084375 0.229167
8 0.206641 0.685417 0.153906 0.359722
8 0.259766 0.713889 0.124219 0.363889
8 0.471484 0.698611 0.072656 0.338889
8 0.541406 0.716667 0.073437 0.394444
8 0.598828 0.692361 0.091406 0.390278
8 0.323047 0.747222 0.122656 0.372222
8 0.523828 0.309028 0.139844 0.301389
8 0.455859 0.337500 0.089844 0.258333
8 0.344531 0.388194 0.076563 0.245833
8 0.285547 0.395833 0.053906 0.233333
8 0.364844 0.131250 0.085938 0.195833
8 0.311328 0.138194 0.083594 0.229167
8 0.649609 0.140278 0.078906 0.163889
8 0.600000 0.158333 0.078125 0.208333
8 0.809375 0.163889 0.103125 0.194444
8 0.854297 0.134722 0.096094 0.166667
8 0.659375 0.764583 0.082813 0.448611
8 0.853906 0.738889 0.096875 0.372222
8 0.923828 0.734722 0.121094 0.338889
