8 0.158203 0.195833 0.052344 0.269444
8 0.209766 0.211806 0.041406 0.240278
8 0.262500 0.183333 0.075000 0.236111
8 0.306250 0.229861 0.050000 0.245833
8 0.152344 0.549306 0.254687 0.331944
8 0.188672 0.589583 0.255469 0.365278
8 0.318750 0.638889 0.214062 0.352778
8 0.401563 0.674306 0.162500 0.368056
8 0.495313 0.686806 0.150000 0.404167
8 0.655078 0.666667 0.138281 0.511111
8 0.760547 0.726389 0.155469 0.466667
8 0.593359 0.691667 0.138281 0.469444
8 0.541797 0.710417 0.141406 0.384722
8 0.397656 0.270833 0.082813 0.191667
8 0.442969 0.309028 0.112500 0.195833
8 0.483984 0.338194 0.099219 0.231944
8 0.564844 0.323611 0.126563 0.244444
8 0.653516 0.315972 0.080469 0.270833
8 0.713281 0.290972 0.081250 0.270833
8 0.762500 0.317361 0.076563 0.209722
8 0.968359 0.361111 0.061719 0.319444
8 0.962500 0.770139 0.073437 0.440278
8 0.864844 0.744444 0.121875 0.494444
8 0.899219 0.420139 0.100000 0.259722
8 0.830078 0.384722 0.066406 0.252778
8 0.864062 0.114583 0.065625 0.187500
8 0.816016 0.139583 0.046094 0.159722
8 0.603906 0.097917 0.051562 0.165278
