8 0.344141 0.331944 0.030469 0.280556
8 0.385547 0.325000 0.042969 0.280556
8 0.789844 0.270833 0.060938 0.180556
8 0.588281 0.763889 0.029687 0.158333
8 0.598828 0.870139 0.092969 0.093056
8 0.460547 0.781250 0.058594 0.134722
8 0.368750 0.782639 0.051562 0.179167
8 0.324609 0.805556 0.042969 0.158333
8 0.519922 0.573611 0.085156 0.055556
8 0.800781 0.759028 0.048437 0.170833
8 0.348437 0.898611 0.096875 0.077778
8 0.369922 0.961806 0.082031 0.065278
8 0.407422 0.866667 0.096094 0.055556
8 0.475781 0.647917 0.098438 0.056944
8 0.712891 0.727778 0.050781 0.147222
8 0.717969 0.844444 0.100000 0.094444
8 0.637891 0.916667 0.091406 0.144444
8 0.656250 0.620833 0.039062 0.111111
8 0.609766 0.704167 0.063281 0.097222
8 0.550000 0.721528 0.043750 0.106944
8 0.517187 0.790972 0.054688 0.140278
8 0.519531 0.853472 0.067188 0.120833
8 0.500781 0.937500 0.098438 0.097222
8 0.758203 0.736806 0.053906 0.112500
8 0.741797 0.630556 0.033594 0.066667
8 0.697656 0.609722 0.057813 0.025000
8 0.574609 0.604861 0.039844 0.109722
8 0.375000 0.683333 0.054688 0.097222
8 0.848437 0.913889 0.067188 0.161111
8 0.700391 0.940278 0.091406 0.083333
8 0.470313 0.259722 0.026563 0.177778
8 0.501172 0.240278 0.035156 0.169444
