8 0.732813 0.283333 0.439063 0.119444
8 0.717969 0.337500 0.442187 0.094444
8 0.725391 0.394444 0.452344 0.072222
8 0.647656 0.500694 0.518750 0.068056
8 0.642187 0.540278 0.526563 0.077778
8 0.640625 0.636111 0.568750 0.161111
8 0.685547 0.725694 0.503906 0.193056
8 0.709766 0.852778 0.546094 0.133333
8 0.718359 0.917361 0.542969 0.165278
8 0.251172 0.174306 0.413281 0.120833
8 0.246484 0.230556 0.391406 0.119444
8 0.226953 0.314583 0.453906 0.059722
8 0.210938 0.359028 0.421875 0.081944
8 0.219531 0.425000 0.435937 0.075000
8 0.206641 0.654861 0.413281 0.184722
