1 0.401563 0.064583 0.084375 0.090278
1 0.271875 0.135417 0.106250 0.081944
1 0.413672 0.209722 0.072656 0.088889
1 0.537109 0.198611 0.075781 0.091667
1 0.619141 0.233333 0.086719 0.086111
1 0.653125 0.330556 0.115625 0.097222
1 0.848047 0.488194 0.103906 0.101389
1 0.751172 0.677083 0.105469 0.098611
1 0.635156 0.430556 0.089062 0.111111
1 0.512109 0.492361 0.091406 0.112500
1 0.373437 0.640278 0.112500 0.100000
1 0.208594 0.509722 0.101562 0.113889
1 0.199219 0.689583 0.104687 0.112500
1 0.324609 0.494444 0.083594 0.091667
1 0.099609 0.648611 0.119531 0.102778
1 0.148047 0.436806 0.086719 0.112500
1 0.226953 0.360417 0.100781 0.104167
1 0.285937 0.249306 0.071875 0.106944
1 0.307031 0.341667 0.095312 0.066667
