1 0.142188 0.625694 0.071875 0.104167
1 0.308203 0.752778 0.100781 0.116667
1 0.376563 0.539583 0.115625 0.090278
1 0.492188 0.555556 0.103125 0.119444
1 0.633984 0.626389 0.116406 0.091667
1 0.626172 0.538194 0.083594 0.106944
1 0.774609 0.488194 0.091406 0.112500
1 0.876172 0.311111 0.108594 0.108333
1 0.734375 0.200694 0.075000 0.115278
1 0.678516 0.456944 0.097656 0.094444
1 0.644922 0.332639 0.097656 0.079167
1 0.597266 0.282639 0.099219 0.070833
1 0.656641 0.085417 0.088281 0.084722
1 0.589844 0.225000 0.103125 0.075000
1 0.578516 0.117361 0.103906 0.073611
1 0.523047 0.158333 0.055469 0.097222
1 0.475391 0.247222 0.074219 0.094444
1 0.460547 0.192361 0.085156 0.090278
1 0.437500 0.407639 0.065625 0.084722
1 0.381641 0.447222 0.075781 0.102778
1 0.307031 0.420833 0.089062 0.091667
1 0.332422 0.279167 0.071094 0.072222
1 0.262891 0.287500 0.063281 0.094444
1 0.187109 0.314583 0.080469 0.093056
1 0.298047 0.192361 0.096094 0.087500
1 0.387891 0.151389 0.089844 0.075000
1 0.207422 0.238194 0.072656 0.093056
