1 0.194922 0.084722 0.100781 0.105556
1 0.088672 0.783333 0.107031 0.141667
1 0.428516 0.423611 0.133594 0.100000
1 0.442578 0.510417 0.110156 0.123611
1 0.444141 0.599306 0.122656 0.123611
1 0.596875 0.658333 0.118750 0.136111
1 0.551953 0.486111 0.119531 0.119444
1 0.678125 0.560417 0.125000 0.140278
1 0.797656 0.645139 0.101562 0.154167
1 0.928516 0.928472 0.125781 0.134722
1 0.921484 0.806944 0.130469 0.094444
1 0.891016 0.643750 0.097656 0.140278
1 0.860547 0.525694 0.128906 0.095833
1 0.878125 0.422222 0.081250 0.108333
1 0.694922 0.440278 0.132031 0.116667
1 0.579297 0.329167 0.102344 0.102778
1 0.610156 0.205556 0.098438 0.083333
1 0.634375 0.107639 0.106250 0.087500
1 0.802344 0.059028 0.098438 0.098611
1 0.724609 0.304861 0.086719 0.101389
1 0.765234 0.350694 0.119531 0.081944
1 0.792578 0.427083 0.100781 0.104167
