1 0.083594 0.160417 0.104687 0.090278
1 0.203906 0.806944 0.135937 0.113889
1 0.325781 0.777778 0.093750 0.150000
1 0.488672 0.697222 0.142969 0.127778
1 0.450000 0.609722 0.159375 0.119444
1 0.342187 0.451389 0.109375 0.119444
1 0.462109 0.471528 0.136719 0.104167
1 0.587109 0.626389 0.119531 0.152778
1 0.739062 0.620833 0.137500 0.100000
1 0.668750 0.531944 0.110937 0.119444
1 0.596875 0.452083 0.128125 0.131944
1 0.345703 0.320833 0.128906 0.108333
1 0.418750 0.275000 0.128125 0.094444
1 0.608203 0.361806 0.135156 0.112500
1 0.725391 0.375000 0.100781 0.113889
1 0.780469 0.423611 0.110937 0.097222
1 0.753906 0.479167 0.117188 0.111111
1 0.830859 0.286806 0.096094 0.093056
1 0.924219 0.336806 0.093750 0.109722
1 0.658203 0.303472 0.113281 0.095833
