1 0.171484 0.502778 0.091406 0.152778
1 0.274609 0.409722 0.116406 0.169444
1 0.341797 0.212500 0.102344 0.138889
1 0.467578 0.076389 0.105469 0.125000
1 0.530469 0.161806 0.107813 0.179167
1 0.548437 0.288194 0.121875 0.151389
1 0.439063 0.520833 0.109375 0.133333
1 0.584375 0.411111 0.110937 0.161111
1 0.676562 0.511111 0.112500 0.144444
1 0.778906 0.491667 0.096875 0.133333
1 0.714453 0.649306 0.097656 0.156944
1 0.601562 0.652083 0.135937 0.151389
1 0.626953 0.770139 0.111719 0.137500
1 0.477344 0.702083 0.103125 0.140278
1 0.533594 0.824306 0.101562 0.129167
1 0.170703 0.771528 0.117969 0.162500
