1 0.847656 0.152778 0.095312 0.088889
1 0.440625 0.219444 0.078125 0.108333
1 0.361719 0.222917 0.076563 0.104167
1 0.275000 0.252083 0.104687 0.081944
1 0.285937 0.330556 0.096875 0.088889
1 0.308594 0.406250 0.115625 0.084722
1 0.243359 0.449306 0.113281 0.070833
1 0.287500 0.514583 0.112500 0.095833
1 0.265625 0.608333 0.084375 0.108333
1 0.296875 0.697222 0.068750 0.111111
1 0.347656 0.703472 0.098438 0.079167
1 0.340234 0.842361 0.088281 0.129167
1 0.442187 0.679861 0.106250 0.081944
1 0.533203 0.691667 0.108594 0.091667
1 0.430469 0.537500 0.114063 0.097222
1 0.350391 0.465278 0.080469 0.086111
1 0.420312 0.436111 0.087500 0.116667
1 0.474609 0.397222 0.063281 0.097222
1 0.456641 0.602778 0.085156 0.100000
1 0.534766 0.598611 0.074219 0.113889
1 0.619922 0.481944 0.100781 0.108333
1 0.625391 0.393750 0.096094 0.098611
1 0.759375 0.481944 0.087500 0.102778
1 0.704687 0.404861 0.081250 0.115278
