1 0.207813 0.320139 0.112500 0.109722
1 0.298828 0.193056 0.071094 0.108333
1 0.435937 0.167361 0.065625 0.079167
1 0.485156 0.209028 0.076563 0.081944
1 0.350391 0.283333 0.080469 0.094444
1 0.330859 0.376389 0.088281 0.075000
1 0.232031 0.481944 0.110937 0.100000
1 0.257031 0.543056 0.114063 0.077778
1 0.266406 0.628472 0.098438 0.129167
1 0.367188 0.713889 0.115625 0.136111
1 0.465625 0.784028 0.076563 0.143056
1 0.532812 0.868750 0.134375 0.106944
1 0.574219 0.782639 0.139062 0.106944
1 0.627344 0.694444 0.123438 0.125000
1 0.414062 0.577083 0.104687 0.098611
1 0.433594 0.653472 0.100000 0.101389
1 0.389844 0.262500 0.060938 0.102778
1 0.479688 0.288194 0.112500 0.101389
1 0.485938 0.392361 0.109375 0.098611
1 0.643359 0.203472 0.099219 0.087500
1 0.633984 0.272222 0.099219 0.091667
1 0.598047 0.370139 0.074219 0.090278
1 0.555469 0.476389 0.098438 0.100000
1 0.519922 0.660417 0.102344 0.118056
1 0.563672 0.593056 0.089844 0.111111
1 0.639453 0.581250 0.089844 0.112500
1 0.664844 0.461111 0.090625 0.111111
1 0.776563 0.590972 0.103125 0.115278
1 0.828906 0.442361 0.095312 0.106944
1 0.671875 0.377778 0.096875 0.083333
