1 0.382812 0.638194 0.237500 0.162500
1 0.596484 0.444444 0.189844 0.127778
1 0.598047 0.534028 0.169531 0.112500
1 0.761328 0.309722 0.189844 0.100000
1 0.795703 0.225694 0.167969 0.109722
1 0.520312 0.084722 0.132812 0.100000
1 0.652734 0.084722 0.127344 0.108333
1 0.233984 0.170139 0.163281 0.104167
1 0.386719 0.189583 0.134375 0.084722
1 0.362109 0.256250 0.128906 0.118056
1 0.198828 0.276389 0.160156 0.097222
1 0.279687 0.313194 0.154687 0.109722
1 0.205078 0.406944 0.166406 0.125000
1 0.072266 0.647917 0.141406 0.145833
1 0.371094 0.515972 0.151562 0.126389
1 0.403516 0.369444 0.152344 0.138889
1 0.529688 0.302778 0.153125 0.136111
