1 0.067969 0.323611 0.123438 0.150000
1 0.218750 0.614583 0.100000 0.129167
1 0.316406 0.854167 0.117188 0.086111
1 0.269531 0.412500 0.098438 0.127778
1 0.379297 0.478472 0.111719 0.126389
1 0.396094 0.660417 0.134375 0.104167
1 0.382812 0.363889 0.125000 0.113889
1 0.417578 0.284028 0.142969 0.093056
1 0.487500 0.365972 0.103125 0.143056
1 0.576563 0.192361 0.128125 0.084722
1 0.595312 0.281250 0.100000 0.145833
1 0.756250 0.150000 0.115625 0.150000
1 0.703906 0.271528 0.123438 0.101389
1 0.881250 0.325694 0.148438 0.118056
1 0.890625 0.666667 0.112500 0.100000
1 0.637109 0.911806 0.113281 0.090278
1 0.710938 0.829167 0.096875 0.127778
1 0.758984 0.736806 0.097656 0.104167
1 0.688672 0.526389 0.111719 0.113889
1 0.566406 0.439583 0.085938 0.131944
1 0.662109 0.425000 0.086719 0.130556
1 0.504297 0.827778 0.111719 0.125000
1 0.603906 0.795139 0.101562 0.084722
1 0.588672 0.649306 0.097656 0.129167
