1 0.675391 0.734028 0.113281 0.095833
1 0.928516 0.259028 0.074219 0.087500
1 0.853906 0.240278 0.062500 0.072222
1 0.614844 0.451389 0.089062 0.108333
1 0.535547 0.427083 0.092969 0.104167
1 0.467187 0.406250 0.062500 0.137500
1 0.421094 0.368750 0.060938 0.109722
1 0.219531 0.052778 0.070312 0.086111
1 0.207422 0.171528 0.096094 0.087500
1 0.303125 0.218750 0.096875 0.090278
1 0.296094 0.163889 0.098438 0.063889
1 0.428906 0.189583 0.098438 0.073611
1 0.411719 0.282639 0.073437 0.087500
1 0.478125 0.286111 0.085938 0.105556
1 0.534766 0.351389 0.083594 0.108333
1 0.552734 0.250000 0.107031 0.100000
1 0.652344 0.190278 0.073437 0.088889
1 0.641797 0.290278 0.103906 0.108333
1 0.692969 0.374306 0.098438 0.081944
1 0.728906 0.247222 0.103125 0.097222
1 0.743750 0.205556 0.093750 0.075000
