1 0.344922 0.325694 0.105469 0.137500
1 0.480469 0.327778 0.114063 0.100000
1 0.542188 0.207639 0.084375 0.093056
1 0.535547 0.287500 0.085156 0.094444
1 0.597656 0.408333 0.129688 0.105556
1 0.530469 0.484028 0.082813 0.126389
1 0.141406 0.499306 0.148438 0.109722
1 0.212891 0.547917 0.092969 0.140278
1 0.254687 0.658333 0.134375 0.141667
1 0.316016 0.509028 0.152344 0.129167
1 0.413672 0.549306 0.108594 0.137500
1 0.416016 0.718056 0.138281 0.147222
1 0.492578 0.631944 0.124219 0.122222
1 0.535547 0.756944 0.102344 0.150000
1 0.647266 0.827778 0.125781 0.136111
1 0.668359 0.715972 0.139844 0.129167
1 0.603125 0.620139 0.118750 0.120833
1 0.589844 0.514583 0.081250 0.123611
1 0.699219 0.470139 0.089062 0.115278
1 0.755078 0.588889 0.136719 0.127778
1 0.692578 0.372222 0.092969 0.119444
1 0.742188 0.304861 0.092188 0.104167
1 0.818359 0.352083 0.133594 0.087500
