1 0.256250 0.315278 0.109375 0.080556
1 0.098047 0.464583 0.071094 0.115278
1 0.206250 0.502778 0.071875 0.122222
1 0.229687 0.591667 0.076563 0.111111
1 0.228906 0.727083 0.079687 0.126389
1 0.293750 0.555556 0.079687 0.094444
1 0.387500 0.293056 0.090625 0.111111
1 0.387109 0.392361 0.094531 0.084722
1 0.466016 0.433333 0.111719 0.088889
1 0.405078 0.505556 0.097656 0.100000
1 0.446484 0.657639 0.082031 0.123611
1 0.509375 0.770139 0.090625 0.143056
1 0.539844 0.627083 0.104687 0.109722
1 0.636719 0.616667 0.106250 0.100000
1 0.803516 0.734028 0.119531 0.098611
1 0.752344 0.651389 0.081250 0.122222
1 0.763672 0.538194 0.111719 0.090278
1 0.866797 0.540278 0.103906 0.116667
1 0.686328 0.430556 0.086719 0.105556
1 0.592578 0.497222 0.117969 0.102778
1 0.494922 0.340972 0.094531 0.106944
1 0.585938 0.347917 0.084375 0.120833
1 0.604297 0.221528 0.111719 0.093056
1 0.494922 0.167361 0.103906 0.079167
