1 0.528125 0.268056 0.109375 0.130556
1 0.273828 0.219444 0.114844 0.119444
1 0.249219 0.300000 0.126563 0.094444
1 0.344141 0.346528 0.127344 0.154167
1 0.198047 0.388194 0.111719 0.143056
1 0.200781 0.534722 0.120312 0.141667
1 0.351562 0.454167 0.137500 0.097222
1 0.319531 0.550694 0.120312 0.129167
1 0.235938 0.650000 0.109375 0.130556
1 0.228906 0.785417 0.139062 0.101389
1 0.323047 0.750694 0.149219 0.129167
1 0.382422 0.641667 0.107031 0.147222
1 0.475781 0.579167 0.135937 0.072222
1 0.477734 0.506250 0.114844 0.106944
1 0.575781 0.514583 0.112500 0.118056
1 0.483203 0.759028 0.100781 0.173611
1 0.575000 0.645833 0.109375 0.113889
1 0.594531 0.712500 0.139062 0.127778
1 0.719531 0.723611 0.107813 0.155556
1 0.775781 0.701389 0.129688 0.141667
1 0.765234 0.597222 0.128906 0.100000
1 0.599219 0.379167 0.081250 0.127778
1 0.672656 0.405556 0.087500 0.105556
1 0.760156 0.369444 0.107813 0.088889
1 0.648438 0.506944 0.071875 0.105556
1 0.666406 0.579167 0.104687 0.119444
1 0.767187 0.515972 0.134375 0.112500
1 0.810156 0.475000 0.145313 0.097222
