1 0.553516 0.154861 0.136719 0.109722
1 0.692969 0.150694 0.129688 0.123611
1 0.869531 0.289583 0.153125 0.112500
1 0.804688 0.399306 0.159375 0.118056
1 0.760547 0.476389 0.172656 0.086111
1 0.544141 0.272222 0.136719 0.125000
1 0.651563 0.345139 0.145313 0.090278
1 0.619531 0.436111 0.148438 0.122222
1 0.596875 0.610417 0.156250 0.112500
1 0.413672 0.767361 0.186719 0.129167
1 0.141016 0.778472 0.172656 0.126389
1 0.264062 0.272917 0.168750 0.120833
1 0.409375 0.299306 0.135937 0.093056
1 0.389453 0.384722 0.125781 0.113889
1 0.237891 0.416667 0.141406 0.105556
1 0.319531 0.471528 0.145313 0.126389
1 0.255469 0.558333 0.143750 0.116667
1 0.308984 0.659722 0.119531 0.138889
1 0.427734 0.519444 0.133594 0.113889
1 0.544922 0.467361 0.136719 0.120833
1 0.408203 0.666667 0.133594 0.108333
