1 0.577734 0.276389 0.100781 0.105556
1 0.621875 0.379861 0.071875 0.106944
1 0.764844 0.389583 0.095312 0.079167
1 0.677734 0.406250 0.077344 0.084722
1 0.793750 0.490278 0.131250 0.088889
1 0.737891 0.506944 0.108594 0.105556
1 0.709766 0.563889 0.114844 0.094444
1 0.804297 0.617361 0.132031 0.104167
1 0.708594 0.658333 0.107813 0.138889
1 0.632031 0.545139 0.107813 0.098611
1 0.636328 0.479861 0.080469 0.081944
1 0.383594 0.204861 0.089062 0.101389
1 0.349219 0.263889 0.100000 0.072222
1 0.410156 0.306944 0.104687 0.125000
1 0.290625 0.321528 0.093750 0.106944
1 0.266016 0.438889 0.102344 0.113889
1 0.269141 0.533333 0.100781 0.094444
1 0.241797 0.634722 0.107031 0.091667
1 0.322656 0.622917 0.117188 0.118056
1 0.404687 0.399306 0.109375 0.079167
1 0.357422 0.469444 0.092969 0.108333
1 0.389844 0.548611 0.095312 0.108333
1 0.474609 0.510417 0.117969 0.059722
1 0.445312 0.661111 0.093750 0.147222
1 0.549219 0.645833 0.123438 0.105556
1 0.564453 0.474306 0.086719 0.098611
1 0.539844 0.575694 0.100000 0.084722
1 0.491797 0.456250 0.100781 0.070833
