1 0.263281 0.652083 0.082813 0.115278
1 0.186719 0.506944 0.073437 0.105556
1 0.617188 0.719444 0.085938 0.136111
1 0.541016 0.654167 0.108594 0.091667
1 0.416016 0.601389 0.075781 0.108333
1 0.476562 0.543056 0.081250 0.094444
1 0.353125 0.528472 0.093750 0.112500
1 0.226953 0.356250 0.114844 0.079167
1 0.269531 0.410417 0.073437 0.090278
1 0.321484 0.458333 0.091406 0.086111
1 0.281250 0.255556 0.078125 0.075000
1 0.315625 0.323611 0.101562 0.072222
1 0.417578 0.323611 0.066406 0.091667
1 0.358203 0.231250 0.091406 0.073611
1 0.460156 0.234722 0.089062 0.075000
1 0.408594 0.444444 0.071875 0.080556
1 0.518359 0.252083 0.053906 0.087500
1 0.587500 0.276389 0.092188 0.080556
1 0.613672 0.368750 0.078906 0.070833
1 0.511719 0.447917 0.071875 0.093056
1 0.733594 0.334028 0.092188 0.098611
1 0.832812 0.461806 0.103125 0.093056
1 0.780078 0.572917 0.099219 0.090278
1 0.705859 0.577083 0.080469 0.087500
1 0.614062 0.538889 0.085938 0.066667
1 0.696484 0.428472 0.096094 0.062500
1 0.699609 0.485417 0.091406 0.081944
