1 0.547656 0.674306 0.228125 0.154167
1 0.269922 0.892361 0.269531 0.187500
1 0.267969 0.747917 0.198437 0.151389
1 0.140234 0.739583 0.197656 0.201389
1 0.158594 0.463194 0.207813 0.162500
1 0.116797 0.200694 0.225781 0.154167
1 0.322656 0.240278 0.179688 0.125000
1 0.280469 0.353472 0.164062 0.154167
1 0.312891 0.541667 0.189844 0.152778
1 0.481250 0.469444 0.200000 0.169444
1 0.792578 0.484028 0.255469 0.109722
1 0.857422 0.379167 0.230469 0.172222
1 0.525391 0.065972 0.177344 0.129167
1 0.717578 0.063889 0.199219 0.125000
1 0.595312 0.422917 0.206250 0.156944
1 0.647656 0.300694 0.204688 0.118056
1 0.503906 0.198611 0.179688 0.169444
