1 0.099609 0.611806 0.186719 0.120833
1 0.229687 0.280556 0.137500 0.100000
1 0.138672 0.457639 0.146094 0.151389
1 0.130078 0.149306 0.139844 0.112500
1 0.368750 0.106944 0.084375 0.097222
1 0.297656 0.644444 0.132812 0.172222
1 0.274219 0.818056 0.212500 0.175000
1 0.715234 0.850000 0.227344 0.172222
1 0.492188 0.495833 0.143750 0.141667
1 0.770312 0.533333 0.179688 0.138889
1 0.900000 0.363194 0.106250 0.137500
1 0.789062 0.281250 0.143750 0.140278
1 0.534375 0.408333 0.109375 0.138889
1 0.619531 0.370833 0.126563 0.141667
1 0.490625 0.231944 0.093750 0.150000
1 0.671875 0.242361 0.123438 0.101389
