1 0.184375 0.331250 0.098438 0.076389
1 0.098828 0.468750 0.117969 0.104167
1 0.196094 0.620833 0.123438 0.147222
1 0.260547 0.481944 0.122656 0.083333
1 0.265625 0.320833 0.079687 0.069444
1 0.355859 0.203472 0.077344 0.104167
1 0.429688 0.245833 0.100000 0.094444
1 0.357422 0.358333 0.096094 0.075000
1 0.358984 0.554167 0.097656 0.100000
1 0.394922 0.702778 0.124219 0.111111
1 0.492188 0.708333 0.078125 0.136111
1 0.582812 0.745833 0.131250 0.113889
1 0.722656 0.717361 0.132812 0.109722
1 0.816406 0.668056 0.121875 0.105556
1 0.920313 0.663194 0.078125 0.131944
1 0.873438 0.590278 0.096875 0.125000
1 0.826563 0.500694 0.131250 0.101389
1 0.505078 0.342361 0.088281 0.095833
1 0.475781 0.425694 0.079687 0.123611
1 0.559766 0.293750 0.066406 0.101389
1 0.683203 0.227083 0.077344 0.106944
1 0.801953 0.345139 0.078906 0.112500
1 0.632031 0.340972 0.100000 0.104167
1 0.595703 0.429861 0.074219 0.118056
1 0.612891 0.605556 0.088281 0.125000
1 0.679688 0.415972 0.081250 0.098611
1 0.699219 0.490972 0.117188 0.076389
1 0.750781 0.432639 0.076563 0.104167
1 0.722656 0.600000 0.145313 0.152778
