1 0.147656 0.433333 0.112500 0.105556
1 0.273828 0.384028 0.077344 0.104167
1 0.339844 0.286111 0.100000 0.102778
1 0.268750 0.337500 0.096875 0.075000
1 0.334375 0.455556 0.093750 0.113889
1 0.350391 0.543056 0.100781 0.116667
1 0.446875 0.372222 0.071875 0.130556
1 0.424609 0.249306 0.075781 0.106944
1 0.475391 0.192361 0.067969 0.109722
1 0.551172 0.228472 0.100781 0.112500
1 0.607813 0.178472 0.090625 0.095833
1 0.684375 0.138889 0.095312 0.091667
1 0.760938 0.198611 0.096875 0.102778
1 0.807031 0.264583 0.095312 0.104167
1 0.506250 0.287500 0.090625 0.083333
1 0.564844 0.338889 0.107813 0.105556
1 0.623047 0.364583 0.096094 0.095833
1 0.525391 0.415972 0.103906 0.087500
1 0.450781 0.513194 0.114063 0.098611
1 0.519141 0.588889 0.083594 0.116667
1 0.605078 0.542361 0.100781 0.129167
1 0.596094 0.647917 0.109375 0.123611
1 0.683984 0.693056 0.105469 0.116667
1 0.708594 0.503472 0.114063 0.101389
1 0.738281 0.588194 0.135937 0.087500
