1 0.102734 0.486111 0.092969 0.119444
1 0.301953 0.682639 0.110156 0.087500
1 0.314453 0.513194 0.105469 0.087500
1 0.337500 0.606944 0.093750 0.105556
1 0.539844 0.753472 0.107813 0.095833
1 0.486719 0.620139 0.110937 0.095833
1 0.488281 0.544444 0.101562 0.097222
1 0.385547 0.446528 0.086719 0.115278
1 0.279687 0.453472 0.081250 0.093056
1 0.324609 0.323611 0.082031 0.086111
1 0.403906 0.325694 0.070312 0.095833
1 0.375781 0.222222 0.084375 0.083333
1 0.425781 0.253472 0.095312 0.079167
1 0.458984 0.152083 0.096094 0.079167
1 0.484375 0.223611 0.087500 0.066667
1 0.608594 0.183333 0.092188 0.086111
1 0.530469 0.313889 0.085938 0.083333
1 0.604297 0.346528 0.103906 0.073611
1 0.527344 0.394444 0.089062 0.061111
1 0.478906 0.345139 0.060938 0.079167
1 0.666797 0.609028 0.119531 0.131944
1 0.839844 0.631944 0.107813 0.100000
1 0.819141 0.528472 0.102344 0.112500
1 0.721875 0.547917 0.090625 0.070833
1 0.689453 0.488194 0.102344 0.090278
1 0.816797 0.332639 0.100781 0.081944
1 0.782422 0.433333 0.077344 0.102778
1 0.716406 0.406944 0.070312 0.097222
1 0.610937 0.453472 0.075000 0.098611
1 0.607813 0.524306 0.089062 0.079167
