1 0.447266 0.254167 0.078906 0.102778
1 0.396484 0.293750 0.077344 0.084722
1 0.330469 0.322917 0.095312 0.087500
1 0.272656 0.422222 0.101562 0.100000
1 0.244531 0.508333 0.104687 0.066667
1 0.189063 0.584722 0.093750 0.100000
1 0.264062 0.596528 0.090625 0.129167
1 0.341406 0.600000 0.095312 0.116667
1 0.344141 0.441667 0.082031 0.069444
1 0.357812 0.511806 0.087500 0.095833
1 0.409375 0.418750 0.096875 0.084722
1 0.448438 0.583333 0.081250 0.100000
1 0.508984 0.720833 0.116406 0.097222
1 0.698047 0.736111 0.125781 0.108333
1 0.515625 0.575000 0.073437 0.116667
1 0.551172 0.493750 0.094531 0.090278
1 0.612109 0.577083 0.128906 0.095833
1 0.714844 0.565972 0.107813 0.087500
1 0.684375 0.498611 0.109375 0.069444
1 0.614453 0.409028 0.086719 0.095833
1 0.578516 0.286806 0.061719 0.081944
1 0.592188 0.181944 0.096875 0.088889
1 0.674219 0.263889 0.079687 0.083333
1 0.753516 0.190972 0.099219 0.081944
1 0.730859 0.287500 0.092969 0.077778
1 0.732422 0.365278 0.100781 0.102778
1 0.823438 0.336806 0.062500 0.095833
1 0.832422 0.495139 0.074219 0.118056
1 0.910156 0.479167 0.115625 0.116667
1 0.838281 0.311111 0.104687 0.144444
