1 0.217578 0.137500 0.072656 0.058333
1 0.053125 0.519444 0.078125 0.052778
1 0.156641 0.446528 0.077344 0.056944
1 0.182422 0.502083 0.085156 0.076389
1 0.224609 0.556944 0.088281 0.055556
1 0.269531 0.320139 0.082813 0.087500
1 0.294531 0.266667 0.065625 0.058333
1 0.367188 0.420833 0.068750 0.083333
1 0.286328 0.854167 0.094531 0.097222
1 0.383984 0.815278 0.072656 0.108333
1 0.466406 0.778472 0.101562 0.070833
1 0.438672 0.515972 0.080469 0.073611
1 0.466797 0.591667 0.091406 0.075000
1 0.418750 0.649306 0.071875 0.093056
1 0.420312 0.208333 0.065625 0.077778
1 0.471094 0.303472 0.064062 0.073611
1 0.553125 0.102083 0.062500 0.065278
1 0.635938 0.138889 0.065625 0.069444
1 0.824609 0.257639 0.063281 0.076389
1 0.834766 0.333333 0.071094 0.069444
1 0.912500 0.706250 0.082813 0.081944
1 0.730469 0.674306 0.104687 0.081944
1 0.718359 0.604167 0.091406 0.069444
1 0.662109 0.653472 0.074219 0.095833
1 0.560156 0.561806 0.073437 0.062500
1 0.600000 0.597917 0.076563 0.090278
1 0.577344 0.505556 0.057813 0.083333
1 0.542578 0.430556 0.057031 0.080556
1 0.546484 0.308333 0.044531 0.063889
1 0.594531 0.279167 0.079687 0.058333
1 0.599219 0.201389 0.064062 0.080556
