1 0.445312 0.054167 0.087500 0.066667
1 0.402734 0.175000 0.072656 0.063889
1 0.095312 0.530556 0.062500 0.083333
1 0.144141 0.569444 0.067969 0.080556
1 0.237500 0.619444 0.084375 0.086111
1 0.267969 0.571528 0.090625 0.093056
1 0.315625 0.647917 0.076563 0.101389
1 0.327344 0.445139 0.084375 0.079167
1 0.350391 0.513889 0.080469 0.088889
1 0.388281 0.726389 0.081250 0.094444
1 0.407422 0.650694 0.091406 0.076389
1 0.428125 0.573611 0.100000 0.091667
1 0.471094 0.679861 0.067188 0.104167
1 0.537891 0.670139 0.094531 0.087500
1 0.407813 0.478472 0.050000 0.093056
1 0.407031 0.385417 0.067188 0.093056
1 0.466016 0.407639 0.071094 0.093056
1 0.456641 0.473611 0.064844 0.100000
1 0.517969 0.413889 0.051562 0.097222
1 0.553125 0.468056 0.059375 0.088889
1 0.500391 0.547917 0.074219 0.098611
1 0.548437 0.613194 0.095312 0.079167
1 0.558594 0.547917 0.070312 0.098611
1 0.661328 0.644444 0.096094 0.080556
1 0.672266 0.723611 0.103906 0.075000
1 0.698047 0.791667 0.094531 0.097222
1 0.771484 0.920833 0.080469 0.116667
1 0.759375 0.722222 0.087500 0.100000
1 0.914844 0.390278 0.085938 0.088889
1 0.806250 0.724306 0.075000 0.098611
