1 0.291406 0.326389 0.085938 0.063889
1 0.312891 0.444444 0.086719 0.061111
1 0.296875 0.531250 0.081250 0.068056
1 0.337500 0.645139 0.076563 0.076389
1 0.391797 0.602083 0.071094 0.070833
1 0.458594 0.614583 0.076563 0.073611
1 0.488281 0.670833 0.075000 0.086111
1 0.501953 0.764583 0.077344 0.065278
1 0.651172 0.732639 0.075781 0.076389
1 0.606250 0.661111 0.076563 0.066667
1 0.558203 0.627083 0.066406 0.073611
1 0.632422 0.588889 0.067969 0.072222
1 0.789062 0.564583 0.092188 0.076389
1 0.720312 0.494444 0.067188 0.063889
1 0.749219 0.307639 0.071875 0.070833
1 0.727734 0.425694 0.072656 0.065278
1 0.659766 0.440972 0.085156 0.068056
1 0.600391 0.491667 0.075781 0.055556
1 0.431250 0.553472 0.070312 0.068056
1 0.387500 0.445139 0.068750 0.065278
1 0.357812 0.289583 0.087500 0.062500
1 0.360156 0.240278 0.079687 0.055556
1 0.363281 0.352778 0.067188 0.063889
1 0.441797 0.399306 0.060156 0.056944
1 0.502734 0.400694 0.086719 0.073611
1 0.536328 0.439583 0.085156 0.073611
1 0.528125 0.300694 0.071875 0.076389
1 0.599219 0.265972 0.082813 0.054167
1 0.529297 0.242361 0.075781 0.079167
