1 0.367188 0.213194 0.109375 0.112500
1 0.582422 0.163889 0.116406 0.097222
1 0.608984 0.300000 0.114844 0.122222
1 0.835156 0.330556 0.114063 0.108333
1 0.758203 0.397222 0.116406 0.108333
1 0.913672 0.506250 0.124219 0.093056
1 0.888281 0.634028 0.135937 0.090278
1 0.776172 0.631250 0.111719 0.081944
1 0.921094 0.806250 0.129688 0.081944
1 0.815625 0.772222 0.106250 0.097222
1 0.832422 0.870833 0.124219 0.077778
1 0.829297 0.943750 0.121094 0.073611
1 0.601172 0.713889 0.119531 0.091667
1 0.691016 0.704861 0.092969 0.081944
1 0.567187 0.857639 0.103125 0.106944
1 0.565625 0.947222 0.109375 0.097222
1 0.457422 0.920139 0.121094 0.079167
1 0.230469 0.865972 0.109375 0.090278
1 0.160938 0.477083 0.131250 0.101389
1 0.267969 0.575694 0.101562 0.095833
1 0.257812 0.679861 0.112500 0.084722
1 0.365234 0.654167 0.125781 0.097222
1 0.448047 0.576389 0.110156 0.077778
1 0.539453 0.644444 0.116406 0.083333
1 0.395703 0.428472 0.100781 0.104167
1 0.431641 0.318056 0.102344 0.086111
1 0.505859 0.371528 0.103906 0.090278
1 0.512500 0.534722 0.096875 0.088889
1 0.603906 0.515972 0.101562 0.098611
1 0.684375 0.548611 0.100000 0.080556
1 0.700391 0.474306 0.105469 0.098611
1 0.653516 0.377778 0.108594 0.097222
