1 0.307813 0.109028 0.100000 0.090278
1 0.097266 0.515972 0.083594 0.081944
1 0.212109 0.317361 0.092969 0.101389
1 0.278516 0.425694 0.102344 0.098611
1 0.211328 0.445833 0.092969 0.100000
1 0.228906 0.602083 0.117188 0.129167
1 0.241016 0.786806 0.096094 0.115278
1 0.356250 0.751389 0.121875 0.119444
1 0.313281 0.652778 0.079687 0.097222
1 0.322266 0.533333 0.082031 0.088889
1 0.460547 0.698611 0.114844 0.102778
1 0.492969 0.626389 0.114063 0.083333
1 0.467578 0.565278 0.102344 0.102778
1 0.410547 0.524306 0.111719 0.081944
1 0.305469 0.275000 0.084375 0.094444
1 0.374219 0.314583 0.106250 0.093056
1 0.352734 0.230556 0.094531 0.072222
1 0.436328 0.259722 0.071094 0.108333
1 0.505469 0.295139 0.107813 0.084722
1 0.509766 0.229861 0.103906 0.073611
1 0.462891 0.436111 0.063281 0.097222
1 0.516016 0.374306 0.094531 0.070833
1 0.532422 0.495833 0.077344 0.116667
1 0.608984 0.290972 0.080469 0.109722
1 0.601172 0.732639 0.094531 0.126389
1 0.681250 0.341667 0.082813 0.100000
1 0.773438 0.299306 0.078125 0.120833
1 0.777344 0.462500 0.123438 0.105556
