1 0.841406 0.502083 0.151562 0.112500
1 0.882812 0.404167 0.146875 0.102778
1 0.879297 0.297917 0.082031 0.129167
1 0.763281 0.274306 0.101562 0.115278
1 0.652344 0.267361 0.098438 0.129167
1 0.633984 0.182639 0.085156 0.120833
1 0.539844 0.196528 0.109375 0.109722
1 0.209766 0.139583 0.111719 0.076389
1 0.233594 0.354167 0.082813 0.116667
1 0.292969 0.729167 0.139062 0.094444
1 0.362500 0.529167 0.146875 0.130556
1 0.412500 0.685417 0.125000 0.137500
1 0.560547 0.668750 0.147656 0.145833
1 0.468750 0.599306 0.140625 0.131944
1 0.421875 0.295833 0.104687 0.119444
1 0.562109 0.413194 0.114844 0.093056
1 0.483203 0.483333 0.110156 0.136111
1 0.393750 0.450000 0.115625 0.108333
1 0.455078 0.156944 0.119531 0.091667
