1 0.486719 0.228472 0.089062 0.115278
1 0.678516 0.200000 0.111719 0.133333
1 0.867188 0.300694 0.146875 0.101389
1 0.866406 0.481944 0.126563 0.094444
1 0.796094 0.531944 0.079687 0.102778
1 0.699609 0.354861 0.114844 0.093056
1 0.735547 0.409722 0.113281 0.088889
1 0.678125 0.533333 0.107813 0.077778
1 0.689844 0.477083 0.120312 0.073611
1 0.777344 0.738194 0.110937 0.143056
1 0.666797 0.693056 0.100781 0.119444
1 0.548437 0.613194 0.100000 0.098611
1 0.578125 0.327778 0.081250 0.100000
1 0.532812 0.489583 0.076563 0.120833
1 0.528516 0.690278 0.091406 0.119444
1 0.429688 0.819444 0.090625 0.116667
1 0.434375 0.655556 0.106250 0.105556
1 0.294922 0.705556 0.086719 0.105556
1 0.422656 0.540278 0.068750 0.111111
1 0.371875 0.592361 0.060938 0.112500
1 0.300781 0.579861 0.079687 0.079167
1 0.333594 0.527083 0.093750 0.084722
1 0.226172 0.550000 0.099219 0.094444
1 0.209375 0.415278 0.090625 0.061111
1 0.287500 0.467361 0.092188 0.095833
1 0.260547 0.343750 0.092969 0.095833
1 0.289453 0.402778 0.083594 0.080556
1 0.367188 0.391667 0.084375 0.102778
1 0.341016 0.263194 0.099219 0.093056
1 0.413672 0.252083 0.069531 0.104167
