1 0.364844 0.211806 0.115625 0.120833
1 0.580859 0.161806 0.119531 0.095833
1 0.608594 0.295139 0.115625 0.126389
1 0.429297 0.315278 0.103906 0.094444
1 0.505859 0.373611 0.102344 0.102778
1 0.396094 0.428472 0.100000 0.106944
1 0.160938 0.472917 0.132812 0.104167
1 0.268359 0.574306 0.102344 0.093056
1 0.258984 0.679861 0.113281 0.090278
1 0.231250 0.863194 0.107813 0.098611
1 0.365625 0.658333 0.128125 0.100000
1 0.449219 0.573611 0.110937 0.080556
1 0.457031 0.918750 0.118750 0.087500
1 0.565234 0.945833 0.111719 0.102778
1 0.566406 0.853472 0.106250 0.112500
1 0.600391 0.713889 0.121094 0.102778
1 0.540234 0.645139 0.117969 0.087500
1 0.514453 0.535417 0.096094 0.081944
1 0.603516 0.515972 0.103906 0.101389
1 0.682813 0.547222 0.106250 0.088889
1 0.693359 0.700694 0.097656 0.087500
1 0.773438 0.626389 0.112500 0.088889
1 0.885938 0.630556 0.137500 0.097222
1 0.815625 0.771528 0.107813 0.098611
1 0.921484 0.811111 0.133594 0.094444
1 0.833203 0.874306 0.125781 0.090278
1 0.826172 0.942361 0.121094 0.081944
1 0.911719 0.504167 0.125000 0.105556
1 0.701953 0.472222 0.108594 0.094444
1 0.654297 0.379167 0.111719 0.097222
1 0.756641 0.393056 0.116406 0.097222
1 0.834766 0.327778 0.114844 0.105556
