5 0.160547 0.512500 0.085156 0.597222
5 0.196875 0.506944 0.073437 0.602778
5 0.259766 0.503472 0.082031 0.623611
5 0.328516 0.506944 0.086719 0.605556
5 0.386328 0.515278 0.088281 0.627778
5 0.447656 0.520833 0.075000 0.613889
5 0.492188 0.518750 0.070312 0.643056
5 0.535547 0.500694 0.078906 0.668056
5 0.589844 0.484722 0.085938 0.652778
5 0.645703 0.500694 0.088281 0.634722
5 0.701172 0.490278 0.082031 0.638889
5 0.749609 0.501389 0.067969 0.686111
5 0.802734 0.494444 0.089844 0.716667
5 0.853906 0.502083 0.067188 0.673611
