5 0.032422 0.563889 0.042969 0.558333
5 0.074609 0.545833 0.046094 0.636111
5 0.121875 0.539583 0.053125 0.662500
5 0.166797 0.569444 0.039844 0.577778
5 0.212109 0.640972 0.041406 0.609722
5 0.278906 0.490972 0.037500 0.445833
5 0.338281 0.515972 0.042188 0.379167
5 0.376563 0.541667 0.028125 0.372222
5 0.411328 0.526389 0.033594 0.394444
5 0.449609 0.543750 0.044531 0.406944
5 0.487500 0.485417 0.053125 0.445833
5 0.535937 0.484722 0.045313 0.425000
5 0.588281 0.477083 0.054688 0.384722
5 0.637891 0.466667 0.049219 0.366667
5 0.818359 0.469444 0.207031 0.738889
5 0.763672 0.476389 0.164844 0.455556
5 0.763672 0.484028 0.049219 0.354167
5 0.901563 0.442361 0.085938 0.543056
5 0.977734 0.591667 0.033594 0.477778
