5 0.623438 0.289583 0.112500 0.359722
5 0.641016 0.311806 0.133594 0.351389
5 0.648828 0.352778 0.133594 0.302778
5 0.699219 0.355556 0.179688 0.297222
5 0.701953 0.403472 0.157031 0.262500
5 0.723047 0.402083 0.203906 0.387500
5 0.733984 0.418056 0.194531 0.408333
5 0.757031 0.450000 0.209375 0.372222
5 0.797656 0.479861 0.193750 0.359722
5 0.819141 0.494444 0.185156 0.355556
5 0.842578 0.540972 0.213281 0.340278
5 0.873047 0.585417 0.219531 0.320833
5 0.888672 0.626389 0.221094 0.327778
5 0.900391 0.719444 0.197656 0.208333
