5 0.143359 0.570139 0.064844 0.701389
5 0.183594 0.613889 0.056250 0.700000
5 0.217187 0.591667 0.051562 0.686111
5 0.245312 0.581944 0.054688 0.716667
5 0.281641 0.594444 0.050781 0.719444
5 0.305859 0.603472 0.032031 0.715278
5 0.342969 0.593056 0.043750 0.708333
5 0.378125 0.538889 0.048437 0.794444
5 0.416016 0.536111 0.052344 0.855556
5 0.449219 0.490278 0.054688 0.847222
5 0.489453 0.484028 0.036719 0.845833
5 0.520312 0.505556 0.029687 0.847222
5 0.550000 0.494444 0.050000 0.825000
5 0.585156 0.495833 0.048437 0.805556
5 0.622266 0.493750 0.049219 0.806944
5 0.662500 0.495833 0.059375 0.755556
