5 0.334766 0.485417 0.099219 0.740278
5 0.395703 0.486111 0.075781 0.683333
5 0.440234 0.554167 0.057031 0.547222
5 0.483203 0.602083 0.077344 0.501389
5 0.219531 0.604861 0.110937 0.584722
5 0.172656 0.629167 0.109375 0.561111
5 0.133203 0.618056 0.125781 0.597222
5 0.093359 0.639583 0.116406 0.548611
5 0.505078 0.470139 0.114844 0.662500
5 0.544922 0.495833 0.121094 0.605556
5 0.611719 0.521528 0.151562 0.590278
5 0.661328 0.486111 0.138281 0.586111
5 0.828125 0.372917 0.178125 0.554167
5 0.894141 0.409722 0.180469 0.494444
5 0.762109 0.386806 0.197656 0.551389
