5 0.189063 0.385417 0.126563 0.670833
5 0.249609 0.372917 0.127344 0.645833
5 0.279297 0.370833 0.105469 0.666667
5 0.321875 0.380556 0.054688 0.650000
5 0.352344 0.349306 0.053125 0.659722
5 0.394531 0.365278 0.070312 0.611111
5 0.415625 0.380556 0.059375 0.588889
5 0.446875 0.349306 0.057813 0.615278
5 0.494922 0.334028 0.135156 0.623611
5 0.529297 0.345833 0.124219 0.622222
5 0.553125 0.372222 0.110937 0.605556
5 0.583203 0.354167 0.125781 0.627778
5 0.638281 0.356250 0.121875 0.612500
5 0.672266 0.320833 0.117969 0.583333
5 0.691406 0.304167 0.120312 0.561111
5 0.723437 0.302778 0.118750 0.575000
5 0.761719 0.296528 0.117188 0.570833
5 0.792578 0.307639 0.103906 0.545833
5 0.797656 0.315278 0.131250 0.525000
5 0.822656 0.322917 0.128125 0.481944
5 0.866797 0.339583 0.116406 0.420833
5 0.886328 0.359722 0.100781 0.380556
5 0.896484 0.349306 0.097656 0.340278
5 0.916016 0.270833 0.160156 0.427778
5 0.929297 0.228472 0.139844 0.390278
5 0.128125 0.412500 0.140625 0.630556
