5 0.081641 0.499306 0.122656 0.876389
5 0.144141 0.478472 0.069531 0.870833
5 0.207422 0.483333 0.053906 0.838889
5 0.254297 0.480556 0.067969 0.877778
5 0.419922 0.477778 0.089844 0.886111
5 0.471094 0.471528 0.067188 0.884722
5 0.510938 0.481250 0.064062 0.840278
5 0.550000 0.478472 0.068750 0.876389
5 0.616406 0.470833 0.073437 0.866667
5 0.750000 0.477778 0.073437 0.866667
5 0.798828 0.465278 0.050781 0.869444
5 0.855859 0.473611 0.047656 0.877778
5 0.901563 0.474306 0.070312 0.884722
5 0.938281 0.472222 0.064062 0.880556
