5 0.343750 0.427083 0.039062 0.781944
5 0.313281 0.432639 0.031250 0.801389
5 0.275391 0.445139 0.046094 0.793056
5 0.192969 0.476389 0.053125 0.800000
5 0.438672 0.462500 0.041406 0.766667
5 0.480078 0.502778 0.039844 0.669444
5 0.635156 0.403472 0.053125 0.718056
5 0.671094 0.424306 0.060938 0.676389
5 0.603125 0.415278 0.042188 0.666667
5 0.561328 0.411806 0.044531 0.656944
5 0.717969 0.524306 0.084375 0.712500
5 0.765625 0.540278 0.093750 0.711111
5 0.793750 0.491667 0.106250 0.775000
5 0.823438 0.527778 0.115625 0.708333
5 0.869922 0.561806 0.069531 0.659722
5 0.908594 0.555556 0.093750 0.677778
5 0.955078 0.625000 0.088281 0.466667
