5 0.175391 0.511806 0.071094 0.954167
5 0.227344 0.532639 0.062500 0.929167
5 0.269922 0.575694 0.071094 0.843056
5 0.079297 0.551389 0.114844 0.891667
5 0.326953 0.539583 0.160156 0.912500
5 0.367578 0.494444 0.149219 0.900000
5 0.392969 0.413889 0.115625 0.713889
5 0.466406 0.504861 0.081250 0.984722
5 0.537500 0.534028 0.137500 0.926389
5 0.570703 0.516667 0.125781 0.961111
5 0.671875 0.595833 0.150000 0.802778
5 0.718750 0.542361 0.210938 0.868056
5 0.778516 0.522917 0.236719 0.870833
5 0.911719 0.515278 0.076563 0.963889
5 0.968359 0.520833 0.061719 0.952778
