5 0.688672 0.508333 0.597656 0.027778
5 0.706641 0.525694 0.585156 0.026389
5 0.703125 0.538194 0.592188 0.051389
5 0.701563 0.554167 0.595312 0.083333
5 0.739453 0.616667 0.519531 0.208333
5 0.733594 0.729167 0.521875 0.025000
5 0.743359 0.739583 0.502344 0.045833
5 0.753125 0.805556 0.492188 0.041667
5 0.753906 0.838194 0.490625 0.056944
5 0.751562 0.868750 0.495313 0.040278
5 0.753125 0.907639 0.492188 0.045833
5 0.357812 0.286806 0.039062 0.315278
5 0.384375 0.284722 0.032812 0.305556
5 0.410547 0.271528 0.033594 0.329167
5 0.435937 0.284028 0.023438 0.329167
5 0.461328 0.268056 0.022656 0.244444
5 0.718359 0.398611 0.546094 0.061111
5 0.727344 0.427083 0.537500 0.037500
5 0.151562 0.410417 0.171875 0.340278
5 0.176563 0.401389 0.160938 0.352778
5 0.202344 0.372917 0.150000 0.351389
5 0.234766 0.377083 0.133594 0.312500
