5 0.494531 0.104167 0.793750 0.180556
5 0.491016 0.138889 0.830469 0.172222
5 0.482812 0.204861 0.796875 0.148611
5 0.490234 0.283333 0.816406 0.108333
5 0.506250 0.326389 0.842188 0.091667
5 0.502344 0.369444 0.867188 0.069444
5 0.485938 0.418750 0.831250 0.073611
5 0.493750 0.502083 0.831250 0.045833
5 0.488281 0.538194 0.828125 0.065278
5 0.494141 0.593056 0.832031 0.063889
5 0.494531 0.644444 0.845312 0.058333
5 0.501562 0.709028 0.843750 0.079167
5 0.495313 0.786806 0.857813 0.070833
5 0.489844 0.847222 0.845312 0.058333
