3 0.309375 0.768750 0.156250 0.262500
3 0.217578 0.667361 0.147656 0.254167
3 0.121484 0.574306 0.146094 0.234722
3 0.269922 0.452083 0.172656 0.140278
3 0.329297 0.514583 0.161719 0.148611
3 0.398047 0.570139 0.147656 0.151389
3 0.473437 0.640972 0.145313 0.162500
3 0.557422 0.719444 0.141406 0.169444
3 0.209766 0.377083 0.177344 0.126389
3 0.524609 0.467361 0.121094 0.123611
3 0.653125 0.583333 0.137500 0.127778
3 0.461719 0.255556 0.081250 0.158333
3 0.538672 0.332639 0.074219 0.154167
3 0.631250 0.408333 0.079687 0.177778
3 0.431641 0.396528 0.094531 0.115278
