0 0.214453 0.748611 0.164844 0.152778
0 0.095312 0.690278 0.137500 0.138889
0 0.119531 0.543750 0.137500 0.123611
0 0.171875 0.432639 0.123438 0.104167
0 0.208594 0.327778 0.114063 0.133333
0 0.359375 0.650000 0.117188 0.119444
0 0.349609 0.338889 0.144531 0.122222
0 0.346094 0.147917 0.106250 0.106944
0 0.424609 0.246528 0.103906 0.095833
0 0.439844 0.415972 0.112500 0.106944
0 0.530078 0.553472 0.114844 0.131944
0 0.669141 0.651389 0.138281 0.122222
0 0.648047 0.536111 0.125781 0.116667
0 0.888672 0.427778 0.121094 0.119444
0 0.610547 0.354167 0.127344 0.116667
0 0.647266 0.262500 0.108594 0.100000
0 0.748438 0.209722 0.107813 0.113889
0 0.619141 0.157639 0.111719 0.106944
0 0.541406 0.090278 0.098438 0.108333
