0 0.273438 0.729167 0.125000 0.144444
0 0.598828 0.700000 0.125781 0.141667
0 0.716016 0.589583 0.142969 0.129167
0 0.823438 0.534722 0.142188 0.119444
0 0.786328 0.326389 0.114844 0.102778
0 0.554297 0.567361 0.107031 0.131944
0 0.457812 0.500694 0.112500 0.120833
0 0.639063 0.370833 0.112500 0.108333
0 0.442187 0.344444 0.098438 0.100000
0 0.550781 0.280556 0.125000 0.111111
0 0.591016 0.188194 0.107031 0.104167
0 0.501953 0.156944 0.097656 0.094444
0 0.414062 0.117361 0.087500 0.106944
0 0.305859 0.088889 0.097656 0.097222
0 0.226562 0.148611 0.100000 0.116667
0 0.263281 0.246528 0.098438 0.098611
0 0.279297 0.368056 0.117969 0.100000
0 0.256250 0.469444 0.104687 0.113889
0 0.153906 0.457639 0.107813 0.115278
