0 0.551562 0.412500 0.201562 0.219444
0 0.677734 0.542361 0.183594 0.187500
0 0.767578 0.359722 0.180469 0.183333
0 0.882031 0.579861 0.196875 0.184722
0 0.698438 0.720833 0.204688 0.191667
0 0.204688 0.818056 0.220313 0.208333
0 0.344922 0.650694 0.174219 0.195833
0 0.150781 0.615278 0.220313 0.186111
0 0.185156 0.418056 0.157813 0.205556
0 0.361328 0.403472 0.180469 0.209722
0 0.295312 0.234028 0.159375 0.190278
0 0.162109 0.132639 0.182031 0.195833
0 0.408203 0.121528 0.214844 0.193056
0 0.615234 0.138889 0.152344 0.163889
0 0.794141 0.142361 0.157031 0.159722
