0 0.217187 0.681250 0.162500 0.145833
0 0.066016 0.465278 0.132031 0.161111
0 0.446875 0.754861 0.173438 0.193056
0 0.260938 0.328472 0.157813 0.148611
0 0.262891 0.215278 0.149219 0.122222
0 0.362109 0.164583 0.130469 0.129167
0 0.488281 0.154167 0.125000 0.127778
0 0.429297 0.263194 0.133594 0.140278
0 0.378906 0.447222 0.128125 0.150000
0 0.494922 0.378472 0.135156 0.145833
0 0.461328 0.570139 0.147656 0.198611
0 0.581250 0.506250 0.121875 0.143056
0 0.612109 0.630556 0.164844 0.161111
0 0.702344 0.289583 0.139062 0.134722
0 0.859375 0.271528 0.142188 0.131944
0 0.691797 0.454861 0.138281 0.151389
0 0.748438 0.578472 0.167187 0.145833
0 0.915234 0.586806 0.164844 0.176389
0 0.864844 0.780556 0.176563 0.191667
