0 0.163281 0.395833 0.143750 0.130556
0 0.269922 0.156250 0.132031 0.126389
0 0.319141 0.404167 0.138281 0.122222
0 0.374219 0.072917 0.115625 0.112500
0 0.389453 0.179861 0.127344 0.104167
0 0.395703 0.258333 0.117969 0.133333
0 0.507812 0.151389 0.121875 0.100000
0 0.503516 0.249306 0.097656 0.131944
0 0.543750 0.366667 0.135937 0.141667
0 0.485547 0.628472 0.147656 0.145833
0 0.579297 0.506250 0.142969 0.162500
0 0.637891 0.647222 0.157031 0.161111
0 0.638281 0.113194 0.115625 0.123611
0 0.609375 0.210417 0.114063 0.145833
0 0.658984 0.310417 0.114844 0.137500
0 0.800781 0.181250 0.125000 0.134722
0 0.941406 0.341667 0.115625 0.144444
0 0.766797 0.452778 0.164844 0.130556
0 0.761719 0.565278 0.176563 0.147222
