0 0.178125 0.082639 0.098438 0.087500
0 0.573438 0.102083 0.107813 0.101389
0 0.184766 0.311806 0.117969 0.112500
0 0.291016 0.356250 0.124219 0.101389
0 0.294141 0.578472 0.141406 0.126389
0 0.325000 0.486806 0.128125 0.106944
0 0.429688 0.658333 0.143750 0.152778
0 0.539062 0.900000 0.160938 0.152778
0 0.575000 0.543750 0.131250 0.120833
0 0.438281 0.534722 0.128125 0.105556
0 0.625391 0.343056 0.113281 0.113889
0 0.451562 0.282639 0.114063 0.115278
0 0.528906 0.240972 0.095312 0.101389
0 0.527344 0.332639 0.093750 0.106944
0 0.398047 0.369444 0.110156 0.108333
0 0.460938 0.416667 0.121875 0.100000
