0 0.164844 0.650694 0.123438 0.140278
0 0.075781 0.824306 0.145313 0.137500
0 0.348047 0.193750 0.121094 0.129167
0 0.363672 0.550000 0.147656 0.130556
0 0.465625 0.297917 0.125000 0.118056
0 0.457812 0.415278 0.157813 0.130556
0 0.514063 0.520833 0.123438 0.119444
0 0.500781 0.775000 0.126563 0.144444
0 0.629297 0.679861 0.125781 0.143056
0 0.693359 0.509028 0.127344 0.145833
0 0.754687 0.638889 0.132812 0.141667
0 0.785937 0.764583 0.146875 0.140278
0 0.555078 0.103472 0.111719 0.131944
0 0.655859 0.172917 0.125781 0.123611
0 0.907812 0.153472 0.132812 0.126389
0 0.847266 0.329861 0.133594 0.120833
