0 0.417188 0.146528 0.104687 0.104167
0 0.181641 0.251389 0.111719 0.108333
0 0.114453 0.359028 0.139844 0.112500
0 0.282031 0.508333 0.142188 0.136111
0 0.133984 0.634028 0.163281 0.140278
0 0.269922 0.306250 0.116406 0.112500
0 0.389453 0.321528 0.111719 0.120833
0 0.575391 0.261806 0.116406 0.118056
0 0.504297 0.433333 0.119531 0.122222
0 0.437500 0.538889 0.132812 0.172222
0 0.466406 0.695833 0.153125 0.155556
0 0.618750 0.688194 0.139062 0.159722
0 0.629687 0.327083 0.110937 0.115278
0 0.668359 0.239583 0.105469 0.093056
0 0.770312 0.429861 0.132812 0.120833
0 0.922266 0.505556 0.150781 0.125000
0 0.780469 0.682639 0.159375 0.131944
0 0.930469 0.622917 0.134375 0.145833
