0 0.288281 0.234722 0.096875 0.097222
0 0.250781 0.318056 0.096875 0.088889
0 0.195703 0.393056 0.111719 0.100000
0 0.239453 0.507639 0.111719 0.095833
0 0.372266 0.306944 0.097656 0.105556
0 0.325781 0.398611 0.092188 0.100000
0 0.425781 0.395833 0.106250 0.113889
0 0.408594 0.509722 0.098438 0.100000
0 0.325781 0.599306 0.115625 0.109722
0 0.298828 0.736806 0.127344 0.129167
0 0.411719 0.677083 0.118750 0.118056
0 0.520312 0.592361 0.115625 0.123611
0 0.616016 0.822222 0.136719 0.122222
0 0.710156 0.690972 0.139062 0.112500
0 0.617188 0.549306 0.132812 0.126389
0 0.653125 0.459028 0.101562 0.095833
0 0.607422 0.365278 0.103906 0.094444
0 0.822266 0.359722 0.099219 0.105556
0 0.804688 0.454167 0.125000 0.116667
