0 0.137891 0.390972 0.132031 0.129167
0 0.141797 0.286111 0.107031 0.100000
0 0.253906 0.236111 0.109375 0.105556
0 0.272266 0.421528 0.121094 0.104167
0 0.366406 0.206944 0.101562 0.100000
0 0.460938 0.166667 0.101562 0.119444
0 0.523828 0.250000 0.110156 0.113889
0 0.506250 0.347917 0.110937 0.098611
0 0.425391 0.481250 0.113281 0.118056
0 0.508984 0.564583 0.135156 0.120833
0 0.416797 0.640278 0.136719 0.144444
0 0.699219 0.139583 0.110937 0.101389
0 0.661719 0.243056 0.114063 0.102778
0 0.667188 0.431944 0.126563 0.105556
0 0.782812 0.706250 0.151562 0.140278
0 0.792188 0.405556 0.132812 0.127778
0 0.930078 0.447917 0.138281 0.123611
0 0.901563 0.215278 0.106250 0.113889
0 0.895703 0.315278 0.130469 0.116667
