0 0.079687 0.594444 0.134375 0.116667
0 0.094531 0.486111 0.121875 0.116667
0 0.193750 0.327083 0.112500 0.106944
0 0.295703 0.384028 0.110156 0.118056
0 0.266797 0.703472 0.133594 0.148611
0 0.418750 0.514583 0.110937 0.118056
0 0.487891 0.630556 0.110156 0.113889
0 0.514063 0.472917 0.100000 0.101389
0 0.458203 0.145833 0.096094 0.102778
0 0.480859 0.071528 0.092969 0.095833
0 0.512891 0.252778 0.107031 0.108333
0 0.606250 0.084722 0.096875 0.097222
0 0.673047 0.174306 0.103906 0.115278
0 0.614062 0.272222 0.107813 0.116667
0 0.676953 0.421528 0.122656 0.106944
0 0.773438 0.379167 0.117188 0.105556
0 0.816016 0.478472 0.116406 0.120833
0 0.801172 0.206944 0.089844 0.111111
0 0.861328 0.156250 0.097656 0.098611
