0 0.628125 0.352083 0.246875 0.259722
0 0.810156 0.502778 0.246875 0.230556
0 0.857031 0.724306 0.284375 0.265278
0 0.889844 0.300000 0.218750 0.230556
0 0.898438 0.098611 0.187500 0.183333
0 0.689062 0.098611 0.175000 0.183333
0 0.391797 0.351389 0.228906 0.266667
0 0.319922 0.179861 0.188281 0.212500
0 0.171875 0.368750 0.203125 0.256944
0 0.359375 0.641667 0.242188 0.277778
0 0.125000 0.598611 0.242188 0.255556
0 0.154297 0.853472 0.308594 0.287500
0 0.450781 0.091667 0.243750 0.183333
0 0.177734 0.097222 0.214844 0.188889
