0 0.193359 0.230556 0.100781 0.088889
0 0.159375 0.375000 0.103125 0.102778
0 0.069922 0.328472 0.100781 0.084722
0 0.307813 0.415278 0.126563 0.100000
0 0.235938 0.590972 0.114063 0.095833
0 0.514063 0.234028 0.096875 0.090278
0 0.522266 0.334028 0.096094 0.081944
0 0.446094 0.378472 0.114063 0.126389
0 0.415625 0.461806 0.096875 0.087500
0 0.367969 0.606250 0.106250 0.123611
0 0.525391 0.551389 0.119531 0.119444
0 0.470313 0.654167 0.128125 0.108333
0 0.405469 0.751389 0.131250 0.130556
0 0.706250 0.267361 0.089062 0.101389
0 0.724609 0.354167 0.110156 0.100000
0 0.746484 0.540278 0.105469 0.125000
0 0.744141 0.709028 0.128906 0.126389
0 0.920703 0.465972 0.107031 0.101389
