0 0.119922 0.480556 0.139844 0.113889
0 0.187500 0.384028 0.132812 0.106944
0 0.361328 0.220833 0.121094 0.091667
0 0.464063 0.153472 0.103125 0.095833
0 0.511719 0.295139 0.103125 0.118056
0 0.348437 0.399306 0.114063 0.131944
0 0.366797 0.514583 0.132031 0.131944
0 0.409375 0.326389 0.121875 0.136111
0 0.616016 0.245833 0.096094 0.105556
0 0.715625 0.227083 0.101562 0.095833
0 0.697266 0.310417 0.113281 0.118056
0 0.613281 0.380556 0.106250 0.119444
0 0.595703 0.496528 0.130469 0.129167
0 0.714844 0.499306 0.109375 0.126389
0 0.800781 0.400694 0.118750 0.106944
0 0.662500 0.640278 0.132812 0.138889
0 0.876562 0.538889 0.140625 0.116667
0 0.827344 0.645139 0.134375 0.129167
0 0.794922 0.768056 0.152344 0.169444
