0 0.164453 0.271528 0.192969 0.173611
0 0.335156 0.211111 0.165625 0.175000
0 0.548437 0.206944 0.192188 0.222222
0 0.729688 0.284722 0.196875 0.186111
0 0.906641 0.339583 0.164844 0.176389
0 0.131641 0.713889 0.200781 0.186111
0 0.239063 0.568056 0.201562 0.202778
0 0.541406 0.408333 0.193750 0.188889
0 0.719922 0.456944 0.169531 0.175000
0 0.371875 0.784722 0.185937 0.200000
0 0.527344 0.659722 0.156250 0.188889
0 0.704687 0.695833 0.209375 0.183333
0 0.858984 0.619444 0.178906 0.177778
0 0.878906 0.788194 0.179688 0.184722
