0 0.516797 0.820139 0.161719 0.187500
0 0.357812 0.856944 0.159375 0.166667
0 0.256641 0.731250 0.142969 0.148611
0 0.214844 0.600000 0.131250 0.122222
0 0.176172 0.495139 0.142969 0.143056
0 0.165625 0.287500 0.115625 0.127778
0 0.313281 0.423611 0.157813 0.138889
0 0.307031 0.319444 0.120312 0.111111
0 0.554688 0.646528 0.121875 0.137500
0 0.451562 0.435417 0.112500 0.123611
0 0.299219 0.143750 0.106250 0.095833
0 0.408203 0.157639 0.111719 0.098611
0 0.541016 0.140278 0.099219 0.094444
0 0.507812 0.217361 0.101562 0.112500
0 0.538281 0.301389 0.118750 0.127778
0 0.786328 0.227083 0.108594 0.106944
0 0.623438 0.477778 0.125000 0.133333
0 0.698047 0.402083 0.114844 0.109722
0 0.789844 0.471528 0.134375 0.115278
