0 0.748047 0.120833 0.116406 0.122222
0 0.780078 0.303472 0.155469 0.137500
0 0.882031 0.361806 0.139062 0.134722
0 0.912109 0.496528 0.153906 0.137500
0 0.835547 0.606250 0.153906 0.134722
0 0.747656 0.470833 0.148438 0.147222
0 0.422656 0.790972 0.164062 0.170833
0 0.528516 0.645833 0.135156 0.138889
0 0.592969 0.425694 0.121875 0.154167
0 0.592188 0.296528 0.123438 0.129167
0 0.512891 0.112500 0.133594 0.133333
0 0.348047 0.187500 0.133594 0.125000
0 0.454688 0.273611 0.153125 0.136111
0 0.322656 0.329861 0.131250 0.109722
0 0.435156 0.386111 0.128125 0.125000
0 0.393359 0.480556 0.130469 0.136111
0 0.278125 0.449306 0.139062 0.143056
0 0.153125 0.545139 0.162500 0.170833
0 0.099609 0.391667 0.152344 0.138889
