0 0.116016 0.540278 0.124219 0.108333
0 0.196875 0.598611 0.117188 0.105556
0 0.273047 0.665278 0.121094 0.122222
0 0.255078 0.486806 0.117969 0.093056
0 0.348828 0.552778 0.103906 0.091667
0 0.388672 0.474306 0.121094 0.098611
0 0.432031 0.667361 0.106250 0.115278
0 0.430078 0.337500 0.097656 0.088889
0 0.501172 0.517361 0.107031 0.095833
0 0.574219 0.607639 0.109375 0.106944
0 0.694141 0.663194 0.116406 0.126389
0 0.672656 0.557639 0.118750 0.104167
0 0.628125 0.455556 0.117188 0.102778
0 0.608594 0.381250 0.125000 0.098611
0 0.503906 0.208333 0.085938 0.094444
0 0.579297 0.250000 0.097656 0.091667
0 0.541406 0.334722 0.100000 0.100000
0 0.746875 0.370139 0.087500 0.106944
0 0.839063 0.459722 0.103125 0.100000
