0 0.117969 0.375000 0.178125 0.180556
0 0.294922 0.377778 0.188281 0.186111
0 0.223828 0.576389 0.203906 0.183333
0 0.274609 0.771528 0.217969 0.234722
0 0.533203 0.777778 0.224219 0.205556
0 0.714063 0.564583 0.181250 0.168056
0 0.478516 0.493056 0.194531 0.188889
0 0.438672 0.293750 0.192969 0.206944
0 0.460547 0.149306 0.185156 0.151389
0 0.241406 0.101389 0.179688 0.166667
0 0.622656 0.110417 0.164062 0.154167
0 0.733203 0.207639 0.178906 0.184722
0 0.885156 0.332639 0.181250 0.181944
0 0.719531 0.380556 0.178125 0.172222
