0 0.237891 0.352083 0.149219 0.140278
0 0.228125 0.556250 0.139062 0.143056
0 0.305859 0.690972 0.177344 0.151389
0 0.413281 0.534028 0.139062 0.154167
0 0.594141 0.167361 0.116406 0.112500
0 0.621094 0.457639 0.156250 0.126389
0 0.715625 0.248611 0.134375 0.097222
0 0.716406 0.341667 0.159375 0.122222
0 0.777734 0.440972 0.136719 0.118056
0 0.788281 0.109722 0.101562 0.113889
0 0.887109 0.172917 0.111719 0.123611
0 0.946875 0.444444 0.104687 0.141667
0 0.920703 0.588194 0.146094 0.154167
0 0.788672 0.685417 0.149219 0.137500
