0 0.710938 0.839583 0.195312 0.220833
0 0.502344 0.845833 0.200000 0.200000
0 0.581250 0.672222 0.185937 0.172222
0 0.717188 0.386806 0.160938 0.184722
0 0.639063 0.210417 0.160938 0.173611
0 0.617969 0.075000 0.159375 0.138889
0 0.430469 0.068056 0.162500 0.125000
0 0.421875 0.245139 0.171875 0.156944
0 0.562891 0.356944 0.167969 0.158333
0 0.418750 0.436111 0.179688 0.188889
0 0.355469 0.602778 0.195312 0.197222
0 0.312891 0.773611 0.202344 0.166667
0 0.166406 0.624306 0.182812 0.165278
0 0.181641 0.306250 0.166406 0.151389
0 0.245312 0.167361 0.139062 0.168056
0 0.102734 0.485417 0.197656 0.190278
