0 0.743359 0.369444 0.194531 0.155556
0 0.825781 0.536806 0.178125 0.193056
0 0.732813 0.663889 0.182812 0.191667
0 0.633984 0.255556 0.153906 0.136111
0 0.552734 0.100000 0.136719 0.136111
0 0.448828 0.173611 0.161719 0.136111
0 0.482422 0.289583 0.157031 0.151389
0 0.259375 0.213194 0.151562 0.140278
0 0.171875 0.098611 0.173438 0.155556
0 0.096484 0.338194 0.175781 0.148611
0 0.257031 0.473611 0.201562 0.175000
0 0.420703 0.427083 0.139844 0.156944
0 0.382031 0.586111 0.185937 0.205556
0 0.608203 0.761806 0.200781 0.220833
0 0.335156 0.793750 0.221875 0.170833
