0 0.176172 0.200694 0.117969 0.101389
0 0.459766 0.132639 0.105469 0.109722
0 0.414062 0.207639 0.115625 0.106944
0 0.512891 0.236806 0.107031 0.126389
0 0.683594 0.242361 0.109375 0.118056
0 0.832422 0.218750 0.139844 0.112500
0 0.910156 0.310417 0.115625 0.120833
0 0.846875 0.427083 0.135937 0.112500
0 0.752734 0.520833 0.130469 0.127778
0 0.668750 0.604861 0.131250 0.131944
0 0.327734 0.380556 0.133594 0.122222
0 0.510156 0.396528 0.120312 0.109722
0 0.544141 0.517361 0.138281 0.151389
0 0.408203 0.590972 0.122656 0.129167
0 0.410156 0.775000 0.148438 0.130556
0 0.097656 0.459722 0.135937 0.111111
0 0.222656 0.447917 0.131250 0.104167
0 0.143750 0.590278 0.131250 0.136111
0 0.155078 0.713194 0.121094 0.143056
