0 0.466797 0.813889 0.200781 0.238889
0 0.266016 0.837500 0.197656 0.213889
0 0.175000 0.684028 0.178125 0.170833
0 0.151562 0.540972 0.154687 0.145833
0 0.130078 0.426389 0.158594 0.169444
0 0.160938 0.227083 0.123438 0.120833
0 0.294141 0.363194 0.175781 0.154167
0 0.305469 0.268056 0.129688 0.116667
0 0.321484 0.105556 0.110156 0.105556
0 0.447266 0.381250 0.128906 0.129167
0 0.536719 0.620139 0.148438 0.165278
0 0.434766 0.124306 0.117969 0.112500
0 0.534375 0.181944 0.115625 0.116667
0 0.578125 0.111806 0.109375 0.118056
0 0.562891 0.256250 0.133594 0.137500
0 0.637891 0.440972 0.150781 0.151389
0 0.730078 0.372917 0.133594 0.134722
0 0.833594 0.447222 0.160938 0.136111
0 0.842969 0.205556 0.118750 0.113889
