0 0.243750 0.861111 0.145313 0.169444
0 0.116406 0.523611 0.129688 0.133333
0 0.233203 0.541667 0.128906 0.133333
0 0.259766 0.423611 0.136719 0.113889
0 0.248047 0.267361 0.113281 0.106944
0 0.205859 0.151389 0.114844 0.125000
0 0.300391 0.086111 0.114844 0.111111
0 0.423828 0.119444 0.103906 0.119444
0 0.524609 0.168750 0.110156 0.118056
0 0.623438 0.209722 0.121875 0.111111
0 0.448438 0.395139 0.110937 0.112500
0 0.575781 0.328472 0.142188 0.131944
0 0.464063 0.584028 0.131250 0.145833
0 0.571484 0.672917 0.122656 0.162500
0 0.624219 0.834028 0.145313 0.170833
0 0.760156 0.702778 0.165625 0.163889
0 0.885156 0.634028 0.159375 0.134722
0 0.674219 0.436111 0.129688 0.127778
0 0.845312 0.385417 0.134375 0.123611
