0 0.150000 0.136806 0.198437 0.151389
0 0.238672 0.334028 0.194531 0.204167
0 0.155469 0.478472 0.176563 0.176389
0 0.199609 0.675000 0.180469 0.188889
0 0.386719 0.268750 0.165625 0.187500
0 0.549609 0.170139 0.157031 0.173611
0 0.697656 0.117361 0.160938 0.154167
0 0.669922 0.282639 0.163281 0.165278
0 0.548828 0.430556 0.149219 0.175000
0 0.809375 0.447222 0.173438 0.150000
0 0.521875 0.634722 0.181250 0.211111
0 0.685547 0.637500 0.150781 0.169444
0 0.902344 0.668056 0.189063 0.163889
0 0.611719 0.850000 0.175000 0.211111
0 0.827734 0.844444 0.172656 0.186111
