0 0.264062 0.164583 0.123438 0.118056
0 0.299219 0.280556 0.120312 0.122222
0 0.128125 0.497222 0.146875 0.138889
0 0.150781 0.634722 0.142188 0.152778
0 0.291016 0.529861 0.164844 0.140278
0 0.267969 0.715278 0.148438 0.172222
0 0.418359 0.675000 0.160156 0.169444
0 0.617578 0.822917 0.178906 0.159722
0 0.787500 0.600000 0.151562 0.150000
0 0.539062 0.516667 0.145313 0.130556
0 0.426562 0.438889 0.150000 0.125000
0 0.784766 0.410417 0.125781 0.143056
0 0.642578 0.425000 0.167969 0.138889
0 0.548047 0.349306 0.133594 0.123611
0 0.484375 0.268750 0.132812 0.112500
0 0.560156 0.120833 0.137500 0.116667
0 0.707422 0.151389 0.127344 0.108333
0 0.656641 0.309028 0.110156 0.137500
0 0.580859 0.227083 0.122656 0.123611
