0 0.583984 0.164583 0.089844 0.109722
0 0.686328 0.228472 0.105469 0.104167
0 0.664453 0.343750 0.132031 0.109722
0 0.759766 0.438194 0.113281 0.112500
0 0.867578 0.425000 0.102344 0.130556
0 0.509375 0.212500 0.098438 0.108333
0 0.476562 0.332639 0.109375 0.112500
0 0.533984 0.399306 0.119531 0.104167
0 0.468359 0.571528 0.116406 0.123611
0 0.583594 0.582639 0.112500 0.112500
0 0.547656 0.691667 0.118750 0.127778
0 0.184766 0.254167 0.103906 0.091667
0 0.212500 0.344444 0.114063 0.105556
0 0.302734 0.525000 0.105469 0.111111
0 0.203906 0.508333 0.103125 0.119444
0 0.173438 0.633333 0.120312 0.102778
