0 0.114844 0.439583 0.112500 0.101389
0 0.224219 0.454861 0.118750 0.098611
0 0.136328 0.319444 0.116406 0.094444
0 0.243750 0.130556 0.090625 0.088889
0 0.312891 0.165972 0.094531 0.090278
0 0.271875 0.263889 0.125000 0.113889
0 0.401172 0.298611 0.103906 0.105556
0 0.370703 0.381944 0.124219 0.111111
0 0.498828 0.672222 0.128906 0.133333
0 0.563281 0.551389 0.120312 0.105556
0 0.509766 0.184722 0.092969 0.105556
0 0.596875 0.161111 0.096875 0.083333
0 0.564062 0.243750 0.098438 0.098611
0 0.627344 0.359028 0.098438 0.090278
0 0.685156 0.420139 0.106250 0.095833
0 0.786719 0.363889 0.098438 0.091667
0 0.901953 0.509722 0.133594 0.111111
0 0.721094 0.722917 0.139062 0.131944
0 0.847656 0.703472 0.123438 0.123611
