0 0.107031 0.181250 0.175000 0.170833
0 0.175000 0.531944 0.160938 0.177778
0 0.348828 0.484028 0.197656 0.179167
0 0.443359 0.639583 0.191406 0.209722
0 0.297266 0.800694 0.202344 0.212500
0 0.521484 0.882639 0.202344 0.223611
0 0.712109 0.679167 0.192969 0.188889
0 0.629687 0.496528 0.176563 0.176389
0 0.734375 0.372222 0.162500 0.161111
0 0.726562 0.179861 0.157813 0.168056
0 0.593359 0.275000 0.177344 0.200000
0 0.434375 0.302778 0.154687 0.169444
0 0.462500 0.107639 0.168750 0.168056
0 0.315625 0.081250 0.143750 0.154167
