0 0.062891 0.595139 0.116406 0.120833
0 0.160938 0.527083 0.110937 0.109722
0 0.282422 0.589583 0.135156 0.134722
0 0.310156 0.749306 0.129688 0.140278
0 0.468750 0.785417 0.117188 0.137500
0 0.517578 0.674306 0.113281 0.131944
0 0.480078 0.523611 0.117969 0.127778
0 0.383984 0.472917 0.114844 0.095833
0 0.374609 0.316667 0.102344 0.102778
0 0.277734 0.340972 0.108594 0.109722
0 0.528125 0.306944 0.084375 0.102778
0 0.612500 0.284722 0.085938 0.094444
0 0.565625 0.197917 0.084375 0.084722
0 0.712500 0.408333 0.103125 0.094444
0 0.816797 0.481250 0.116406 0.109722
0 0.731250 0.165972 0.098438 0.093056
0 0.883594 0.254861 0.106250 0.090278
0 0.887109 0.339583 0.110156 0.106944
