0 0.555078 0.070833 0.085156 0.108333
0 0.658203 0.097917 0.096094 0.093056
0 0.786328 0.167361 0.107031 0.098611
0 0.598828 0.163194 0.096094 0.090278
0 0.543750 0.268750 0.104687 0.120833
0 0.802734 0.459722 0.119531 0.111111
0 0.635156 0.457639 0.118750 0.109722
0 0.569922 0.379861 0.133594 0.131944
0 0.467969 0.354861 0.107813 0.101389
0 0.350000 0.227778 0.090625 0.097222
0 0.311328 0.310417 0.108594 0.098611
0 0.245312 0.389583 0.109375 0.115278
0 0.172266 0.340972 0.117969 0.112500
0 0.349609 0.440972 0.121094 0.106944
0 0.137500 0.612500 0.120312 0.133333
0 0.331641 0.657639 0.149219 0.112500
0 0.400000 0.885417 0.142188 0.148611
0 0.602734 0.675694 0.142969 0.143056
0 0.740234 0.669444 0.144531 0.127778
