0 0.602734 0.125000 0.158594 0.138889
0 0.757422 0.265972 0.144531 0.137500
0 0.914844 0.348611 0.167187 0.158333
0 0.929297 0.515278 0.139844 0.161111
0 0.887109 0.643750 0.172656 0.176389
0 0.720703 0.675000 0.183594 0.169444
0 0.745313 0.407639 0.154687 0.156944
0 0.533984 0.420139 0.158594 0.137500
0 0.580469 0.553472 0.190625 0.162500
0 0.501172 0.698611 0.182031 0.163889
0 0.351562 0.620833 0.156250 0.166667
0 0.340625 0.375694 0.148438 0.179167
0 0.281641 0.253472 0.155469 0.131944
0 0.191797 0.160417 0.139844 0.134722
0 0.202734 0.478472 0.186719 0.162500
0 0.185547 0.720139 0.183594 0.176389
0 0.081641 0.396528 0.157031 0.156944
