0 0.214062 0.393750 0.134375 0.134722
0 0.078125 0.594444 0.140625 0.144444
0 0.064453 0.732639 0.128906 0.120833
0 0.323438 0.494444 0.134375 0.136111
0 0.251953 0.909028 0.153906 0.168056
0 0.443359 0.690972 0.127344 0.145833
0 0.505469 0.849306 0.131250 0.137500
0 0.560156 0.653472 0.112500 0.143056
0 0.560547 0.178472 0.113281 0.137500
0 0.604688 0.079861 0.114063 0.134722
0 0.607813 0.340972 0.129688 0.145833
0 0.761719 0.110417 0.121875 0.131944
0 0.821484 0.261111 0.139844 0.141667
0 0.725000 0.392361 0.142188 0.126389
0 0.769531 0.622917 0.140625 0.137500
0 0.892578 0.579861 0.144531 0.134722
0 0.916797 0.713889 0.127344 0.147222
0 0.956641 0.327778 0.085156 0.133333
