0 0.239453 0.770139 0.196094 0.223611
0 0.251953 0.581250 0.172656 0.159722
0 0.451172 0.716667 0.183594 0.194444
0 0.644922 0.897222 0.197656 0.200000
0 0.925391 0.809722 0.147656 0.197222
0 0.228906 0.202778 0.153125 0.152778
0 0.266797 0.070139 0.133594 0.137500
0 0.387109 0.112500 0.149219 0.150000
0 0.341406 0.277778 0.160938 0.133333
0 0.329297 0.409722 0.158594 0.180556
0 0.423047 0.534028 0.177344 0.173611
0 0.555469 0.267361 0.159375 0.140278
0 0.723828 0.245833 0.172656 0.152778
0 0.707031 0.396528 0.167187 0.162500
0 0.548828 0.396528 0.160156 0.143056
0 0.702344 0.533333 0.165625 0.138889
0 0.679688 0.682639 0.200000 0.190278
0 0.673828 0.126389 0.141406 0.130556
0 0.591016 0.065278 0.111719 0.122222
