0 0.919141 0.146528 0.110156 0.118056
0 0.812500 0.240278 0.109375 0.113889
0 0.796875 0.350694 0.117188 0.123611
0 0.690625 0.355556 0.112500 0.122222
0 0.715234 0.244444 0.100781 0.119444
0 0.657031 0.177083 0.115625 0.106944
0 0.605469 0.269444 0.129688 0.136111
0 0.546875 0.341667 0.115625 0.113889
0 0.553125 0.447222 0.137500 0.125000
0 0.544922 0.568750 0.119531 0.123611
0 0.474219 0.261111 0.125000 0.111111
0 0.429297 0.172222 0.107031 0.088889
0 0.330078 0.263889 0.113281 0.102778
0 0.385938 0.344444 0.123438 0.122222
0 0.060156 0.285417 0.120312 0.123611
0 0.094141 0.800694 0.177344 0.168056
