0 0.093359 0.466667 0.105469 0.102778
0 0.180078 0.583333 0.117969 0.111111
0 0.085547 0.770833 0.133594 0.133333
0 0.277734 0.281250 0.096094 0.084722
0 0.289844 0.349306 0.093750 0.095833
0 0.382031 0.320139 0.087500 0.104167
0 0.327734 0.434722 0.102344 0.108333
0 0.470313 0.270833 0.087500 0.100000
0 0.472266 0.417361 0.102344 0.101389
0 0.583594 0.388889 0.112500 0.105556
0 0.521875 0.482639 0.126563 0.104167
0 0.524219 0.589583 0.110937 0.123611
0 0.343359 0.738194 0.121094 0.137500
0 0.449219 0.804861 0.117188 0.137500
0 0.650000 0.679167 0.110937 0.113889
0 0.885156 0.425694 0.120312 0.112500
0 0.718359 0.322222 0.092969 0.091667
0 0.826953 0.293056 0.096094 0.097222
0 0.747266 0.220833 0.091406 0.094444
