0 0.193750 0.334028 0.126563 0.120833
0 0.300781 0.393056 0.112500 0.111111
0 0.303125 0.622917 0.126563 0.134722
0 0.396094 0.192361 0.121875 0.109722
0 0.521094 0.154167 0.107813 0.108333
0 0.433594 0.303472 0.109375 0.106944
0 0.444141 0.562500 0.146094 0.141667
0 0.412500 0.699306 0.129688 0.154167
0 0.560547 0.684722 0.150781 0.158333
0 0.632812 0.598611 0.154687 0.141667
0 0.863281 0.584722 0.148438 0.130556
0 0.824219 0.389583 0.125000 0.126389
0 0.620703 0.440278 0.117969 0.136111
0 0.494141 0.440278 0.133594 0.116667
0 0.712891 0.278472 0.110156 0.118056
0 0.637500 0.338194 0.123438 0.112500
0 0.529297 0.331250 0.103906 0.109722
0 0.576953 0.253472 0.102344 0.087500
0 0.472656 0.235417 0.112500 0.084722
