0 0.178125 0.159722 0.176563 0.166667
0 0.280469 0.284722 0.178125 0.166667
0 0.195703 0.434722 0.180469 0.205556
0 0.371094 0.501389 0.206250 0.202778
0 0.247266 0.663889 0.200781 0.202778
0 0.294531 0.862500 0.214062 0.219444
0 0.480859 0.909722 0.219531 0.175000
0 0.410937 0.133333 0.160938 0.183333
0 0.551953 0.234722 0.191406 0.166667
0 0.685938 0.161806 0.154687 0.162500
0 0.534375 0.432639 0.154687 0.170833
0 0.597656 0.664583 0.196875 0.201389
0 0.784375 0.664583 0.187500 0.176389
0 0.926172 0.464583 0.144531 0.190278
0 0.774609 0.081250 0.153906 0.151389
0 0.719531 0.891667 0.210938 0.211111
