0 0.577734 0.179167 0.102344 0.102778
0 0.482422 0.214583 0.088281 0.093056
0 0.387500 0.225694 0.103125 0.087500
0 0.302734 0.321528 0.088281 0.090278
0 0.439844 0.311806 0.093750 0.098611
0 0.560547 0.286806 0.103906 0.101389
0 0.489844 0.380556 0.120312 0.119444
0 0.140234 0.487500 0.103906 0.102778
0 0.257812 0.432639 0.109375 0.106944
0 0.372266 0.439583 0.108594 0.090278
0 0.220313 0.529167 0.121875 0.094444
0 0.339844 0.568056 0.123438 0.111111
0 0.628906 0.504861 0.118750 0.109722
0 0.549219 0.597917 0.112500 0.106944
0 0.435937 0.618750 0.125000 0.148611
0 0.184375 0.755556 0.118750 0.133333
0 0.345313 0.777083 0.128125 0.126389
0 0.650391 0.738889 0.138281 0.144444
0 0.766016 0.698611 0.142969 0.122222
