0 0.151172 0.431944 0.099219 0.094444
0 0.219531 0.479167 0.112500 0.094444
0 0.275781 0.405556 0.104687 0.108333
0 0.285156 0.677778 0.103125 0.122222
0 0.255078 0.800694 0.135156 0.118056
0 0.326172 0.215278 0.077344 0.094444
0 0.420312 0.118750 0.089062 0.087500
0 0.417578 0.245139 0.086719 0.079167
0 0.378516 0.308333 0.091406 0.094444
0 0.411328 0.488889 0.097656 0.113889
0 0.434375 0.629861 0.107813 0.143056
0 0.575000 0.104861 0.078125 0.081944
0 0.633594 0.148611 0.082813 0.086111
0 0.580078 0.275000 0.089844 0.091667
0 0.689453 0.265278 0.103906 0.094444
0 0.516797 0.471528 0.113281 0.109722
0 0.655078 0.535417 0.116406 0.098611
0 0.706250 0.632639 0.126563 0.106944
0 0.577344 0.711806 0.134375 0.137500
