2 0.080469 0.318750 0.134375 0.476389
2 0.213281 0.314583 0.142188 0.484722
2 0.350391 0.306250 0.139844 0.470833
2 0.471094 0.277083 0.129688 0.484722
2 0.587109 0.274306 0.125781 0.454167
2 0.720703 0.290278 0.139844 0.450000
2 0.832422 0.262500 0.128906 0.475000
2 0.938672 0.262500 0.122656 0.458333
2 0.137109 0.761111 0.119531 0.477778
2 0.252344 0.759722 0.123438 0.480556
2 0.380078 0.754861 0.128906 0.490278
2 0.493750 0.753472 0.128125 0.493056
2 0.615625 0.758333 0.140625 0.483333
2 0.744141 0.757639 0.141406 0.484722
2 0.851172 0.727083 0.136719 0.545833
2 0.951953 0.729167 0.096094 0.541667
