2 0.402344 0.768056 0.192188 0.430556
2 0.692187 0.902083 0.490625 0.195833
2 0.151562 0.256250 0.251563 0.293056
2 0.330078 0.175694 0.225781 0.251389
2 0.477344 0.161806 0.139062 0.256944
2 0.594922 0.250694 0.119531 0.176389
2 0.502344 0.343750 0.132812 0.193056
2 0.348828 0.345833 0.135156 0.197222
2 0.159766 0.590278 0.211719 0.302778
2 0.323828 0.597222 0.157031 0.225000
2 0.596094 0.695139 0.225000 0.323611
2 0.808203 0.733333 0.366406 0.216667
2 0.801953 0.354861 0.222656 0.368056
2 0.673047 0.360417 0.239844 0.156944
