2 0.642578 0.391667 0.135156 0.369444
2 0.846484 0.685417 0.282031 0.495833
2 0.296094 0.879167 0.445312 0.219444
2 0.481250 0.778472 0.421875 0.206944
2 0.293359 0.669444 0.160156 0.330556
2 0.129688 0.666667 0.259375 0.333333
2 0.311328 0.154861 0.300781 0.215278
2 0.485156 0.250694 0.179688 0.165278
2 0.857422 0.370139 0.269531 0.179167
2 0.851953 0.479167 0.200781 0.155556
2 0.923047 0.288194 0.153906 0.248611
2 0.266406 0.304861 0.157813 0.165278
2 0.106641 0.454167 0.213281 0.169444
2 0.359766 0.442361 0.192969 0.148611
2 0.473047 0.145833 0.199219 0.200000
